100 100
5353 1005
4358 4965
774 3177
4717 4771
3463 9926
1148 7196
7605 9504
334 6157
4668 9526
2896 1144
3004 1949
8198 4754
1051 3052
9110 9638
833 1118
4858 8496
6826 755
259 7315
4424 6430
1393 7556
9374 7224
380 4492
4854 7100
6270 2041
156 4058
2646 7198
6257 5749
4998 9711
2985 8004
4614 2550
8685 2836
3184 6561
9210 2820
9394 8785
3615 5944
15 1644
9763 3895
9069 9756
6429 4141
1880 3262
6955 9033
334 5908
1292 9024
3409 2643
7077 441
2505 7830
9919 2735
3663 2025
7863 6258
3907 3647
9982 8246
5287 9469
3671 5378
4865 1692
5003 8066
4733 4043
1304 997
1753 1354
2573 7360
4551 2272
4192 1466
3006 6822
6200 8190
9209 938
6259 5788
1415 4221
7042 2440
5817 3334
72 1833
5223 6301
8527 6251
2460 304
8499 829
5397 7809
4500 1748
4326 4549
472 1047
1061 9175
9191 8401
2989 5571
7934 6002
1292 2828
1020 2286
2854 1079
4168 3292
8736 8637
2313 1352
6213 7149
6604 4130
4292 1239
2354 5949
2032 5554
7599 6704
9663 9128
6093 7848
1627 2917
822 1493
5620 7323
7261 3304
5629 5952
1831 28952 1344 501 4258 1749 252 20649 1354 2774 962 3924 1505 200000 259 26480 8896 594 574 2047 249 6585 1543 253 2610 1197 4731 21310 2939 4796 742 408 1401 2613 797 670 1254 537 1861 1496 1877 7119 1047 4887 150 2654 6405 761 1825 11445 490 1748 2878 1191 9110 4568 1307 2147 2073 1821 881 1397 314 4147 4624 2862 2946 1344 530 515 544 4999 2681 7496 794 1087 1904 217 787 4408 2286 1342 24328 648 14978 2204 4075 908 290 405 2124 610 2382 3318 32148 1832 1665 1182 1718 2346
1139 12343 548 877 1484 7376 760 19989 3694 2575 3257 3373 1545 104267 932 173520 4571 1457 2217 4072 1747 3753 3046 1946 2336 2986 4704 2755 2180 11468 2646 541 4215 1029 582 2758 1502 2148 770 2359 1638 525 27079 7625 463 742 3695 1279 730 6273 2046 1393 4882 2330 3536 4688 18013 5473 3068 2399 817 1645 1060 2887 8673 446 9010 4133 63 1183 1450 5306 659 2002 239 1296 528 2523 4886 1840 1657 3421 175672 918 1090 695 3234 3296 196 2263 46 823 2596 5552 16488 3627 1292 311 1031 2935
1747 3572 2075 967 5593 2373 1810 14724 1393 171 3377 7669 430 531 2186 103721 3089 1425 383 3997 2120 4084 485 2038 1136 1755 1504 2511 1551 14030 644 3514 2072 3903 3348 3427 1311 2383 154 202 1435 1726 171874 6332 1767 1432 2000 1106 1436 182282 399 2495 992 4140 753 2911 8043 10808 1333 1313 1376 149 442 26110 6989 970 5460 2368 31 1905 5030 5156 2281 7343 1571 1281 1171 1707 1652 6115 171 561 94458 678 6314 2550 4036 2209 372 2783 347 1703 1343 3768 24931 3278 2816 91 1850 2482
262 155133 96 1130 661 2518 2635 25232 3757 2433 2998 5128 2019 808 2515 566 7823 1127 1144 4043 482 6078 2707 3497 1616 2489 4533 4956 2595 4700 384 6202 1802 2119 1616 6010 61 186 1915 1507 1068 4218 102932 7835 1763 2461 5986 112 1248 105658 511 272 76 1887 950 150 5844 7167 4838 1146 1215 2120 1455 10864 3437 2015 2596 240 169 1191 1496 2690 286 4528 361 635 1135 374 9304 3674 1716 6503 1042 802 13498 180 2889 4071 1675 2496 359 2429 1312 2304 28735 921 307 1947 403 1694
1967 102246 1575 537 4913 4948 2291 8724 4556 1648 3034 6133 2054 1710 1742 476 3954 590 82 1453 1852 5419 1039 1389 2696 1840 2743 20748 1431 4791 2647 1155 2714 3862 860 5742 560 1776 624 312 1515 3050 1147 2316 1024 3281 5472 655 1147 1095 1064 369 1152 3339 2966 5076 4431 10221 2915 882 1017 23 868 155992 4607 3207 2079 992 928 1565 4196 15297 439 3760 1912 106 592 630 3209 6354 1541 7079 871 1243 6307 201 1137 1759 1981 1646 1856 993 1707 2050 97698 1926 1852 218 1663 4739
747 421 78 1306 5737 7128 1940 3553 2786 1988 300 6907 283 829 1354 0 942 1686 2247 3984 2187 2800 3122 1031 319 2567 2685 8154 804 13257 127 5041 4891 1117 2484 1374 1764 243 679 668 1847 6086 26 576 1091 1771 3707 1327 1859 1373 726 2053 1102 716 8885 4384 5484 1019 6330 2249 1249 939 861 103954 15681 1820 4710 1647 1092 908 1990 10577 727 7284 431 473 786 1726 6981 4209 268 4377 85 490 10758 503 4322 3536 640 2820 163 3476 1634 3430 109225 790 1131 1204 2047 2454
346 436 407 610 4634 9129 2400 107129 3049 2293 449 8304 1402 699 588 42 7052 2773 2202 490 1606 6703 99 2609 875 2866 2349 586 2623 3679 1348 3184 2073 3660 928 2631 2015 1009 152 1793 2367 4958 571 8284 1454 1764 3955 803 622 202 1494 2056 4242 171 10565 3510 7768 4966 6298 649 1374 1800 793 446 4049 1798 8617 1049 1892 2060 2240 11171 2117 4927 151 397 970 2400 1455 6045 871 2907 694 581 1212 2443 3664 2844 610 1591 1560 3179 784 1479 538 1439 1774 508 1984 3840
1662 960 1280 1655 5439 661 501 100523 862 999 1248 860 2091 1534 788 590 1867 991 225 595 488 6624 1720 1077 1917 1614 382 138980 1892 8908 106 4314 585 3832 2703 2252 1361 261 153 430 1978 3276 246 3596 159 1772 3585 60 2541 1028 2094 935 2335 313 4346 3349 17150 2489 6210 954 518 779 368 225 12879 3347 1381 5052 29 1893 4943 5889 361 5268 1743 290 1112 1916 6187 1779 457 5325 1286 2083 10264 1661 574 25 1282 3071 701 3426 1413 3326 926 3050 243 1938 1533 4621
1697 1124 1077 1269 2184 8052 782 21 1992 3193 2437 7499 1685 1999 1589 1535 7055 1817 1141 1948 2233 7191 604 1663 1677 2752 3222 103841 1971 880 740 203 2546 1110 2458 1439 317 116 1717 1041 1634 1229 290 7185 1112 1508 1252 1322 2453 298 1987 1977 765 140 2587 1309 6237 10749 2789 1307 2054 913 1500 768 8659 273 8569 28 2084 310 1628 8599 1477 8125 6 1765 74 993 1019 994 265 3018 1183 1871 135579 2345 1553 1374 2007 1976 1133 2811 2032 4145 549 2385 149 996 1081 2878
696 892 181 1622 5397 11508 935 766 5546 837 4083 5026 200 1792 2768 887 6664 801 897 3549 264 3071 3037 59 809 2579 4201 748 1394 10338 882 1073 1508 4859 664 5697 150 1099 205 356 2031 3953 895 182 1775 2808 5401 1355 1949 822 1107 1751 1464 3063 4061 798 125723 292 1607 271 661 210 1038 2026 5346 2450 2219 5169 409 76 4408 12185 2177 6616 313 1142 1492 164 3841 213 2742 3128 433 2098 104616 2310 3186 5485 1219 1934 280 1752 1421 4784 1999 1587 1013 983 2334 4696
971 1813 1675 179 2873 4055 2546 65 6309 937 3769 7211 2552 483 909 969 8870 1255 1047 3133 1529 2142 495 394 2351 2236 5108 444 879 10424 899 1079 4589 3344 2421 468 2126 2206 1917 1563 961 469 1566 972 1224 535 6584 32 1383 1863 17 471 2833 491 934 3071 101231 1918 2567 2027 322 1328 1936 309 11524 3841 6488 2473 1568 1141 169 14042 123 7013 1157 1247 1465 975 6067 3067 731 2070 1855 1704 522 198 777 2849 1985 1716 896 2816 471 2282 978 2235 2177 1796 501 4168
1804 557 2278 1246 3183 7206 1403 2076 6563 1971 779 3838 965 310 1690 967 6956 2004 1553 1346 575 3137 822 2592 2367 1777 4124 995 815 12181 408 2598 402 1614 2437 5231 2215 162 2217 935 1529 1821 240 2424 1845 384 1945 1180 2419 283 1934 1955 2557 2629 788 2340 1661 5155 5798 2076 1215 873 1639 2009 113532 213 7816 423 133 228 135 104089 1082 7447 710 447 305 857 2175 6842 1892 2428 1528 1621 1100 1497 2143 2616 988 762 1434 2128 375 1260 163 1988 1982 1982 1016 1526
1026 154 348 2003 3239 6520 117 1423 2810 2764 67 2234 1114 535 1284 1032 261 2785 1852 13 1931 2123 448 1824 326 1524 3105 2146 3375 100548 2658 5326 440 4223 3552 3606 629 2306 2430 1508 172 65 1636 7322 1330 1358 2236 1385 1214 240 1503 862 1029 2570 1918 4451 1686 3158 1938 1416 1721 1246 18 761 104757 2814 1783 3210 6 1529 4282 101658 1757 522 552 1156 855 1355 3507 2234 2853 3028 1340 2739 1563 213 415 1168 1362 3309 2138 260 647 3798 1065 1577 291 2038 1848 4352
1085 1823 89 191 6203 736 1674 1814 4936 2711 236 941 2236 902 2144 1423 5431 991 1686 980 2072 6765 770 2939 2050 1095 668 1800 2789 93029 1004 5441 127 3060 888 2994 1151 24 329 2381 720 2552 1074 9537 1152 2786 4706 1877 1897 607 2020 1972 3894 1831 11018 682 5 3586 3665 2606 348 234 1399 795 1353 4186 3674 2599 985 1320 1934 1081 2573 5098 1481 1991 1207 563 8960 142 1180 4669 165 2329 641 2362 2275 4128 1813 2362 1512 1349 1091 4176 1450 2369 254 1117 1968 2351
1681 390 1035 1140 1529 10188 2202 898 480 1224 3232 3507 253 599 2545 468 8567 1507 1098 3725 118 55 1047 3165 1431 628 169 398 714 2066 2031 1207 2963 436 584 5699 1158 555 1428 1210 1695 2534 1761 4091 1221 1529 3669 1542 1783 2035 2134 1143 2769 4002 7831 1822 1459 7690 4277 720 1007 239 18 185 845 1901 8511 5254 995 1403 6215 1677 2347 480 293 1466 301 1421 1147 951 487 5147 1326 912 683 1071 62 2692 922 1921 599 4303 289 4152 1276 1089 1495 846 1171 1776
1014 431 2327 196 615 6938 842 1163 5522 1443 767 5457 2677 971 2245 118 636 2652 868 1561 54 265 1413 1705 1490 3038 3227 2106 1126 1892 223 1089 5048 1411 1006 5165 1524 1971 46 1656 1319 3129 1049 7631 461 293 1052 1092 1420 757 1896 28 4705 3002 3423 102 430 1051 4366 1825 2485 845 2022 933 1570 4095 6350 267 1153 1524 4638 1685 626 7862 1593 1163 2300 970 9390 4574 1010 754 751 910 572 2590 552 5160 848 1266 1455 4995 1981 2010 1561 711 2536 520 200 687
1126 781 922 1917 6335 108915 492 2087 352 1047 3979 6719 1579 1653 824 545 2785 374 1993 1188 1796 891 2329 3139 1521 0 4130 1988 3231 27 1600 5750 303 869 448 1276 2366 1969 1726 175 416 3131 1079 5993 1256 1734 1444 1904 1870 592 156 1150 2227 2595 7559 2889 566 770 332 2305 1002 436 326 895 1094 4031 9223 4832 703 155 194 965 596 1166 1291 1323 1228 1510 3848 2355 1257 107 459 2890 522 324 2037 3132 1577 2725 2196 3614 1367 772 1032 3055 2280 1169 834 4980
1099 94 842 646 1016 105843 1151 662 3755 1685 372 8184 821 945 2975 1171 3257 732 2297 2961 1066 1142 1088 2381 885 2283 2409 1105 930 1852 1429 5111 3970 2371 1551 994 1784 382 138 1867 1787 1016 665 5178 630 1442 1189 1672 296 525 2063 401 791 2061 118770 4618 707 121341 3072 1054 2489 1863 179 666 354 4415 1211 4551 1714 755 5965 28 1799 7144 868 1145 1968 1370 4457 5366 2281 1859 727 739 469 1769 506 5351 782 2322 786 2571 2957 578 898 790 2620 1852 724 1400
373 802 626 90 480 1659 1019 1953 5167 876 2006 5587 1231 317 2335 624 3159 2794 1128 3591 1934 4712 3109 1654 2793 738 5380 447 3457 1017 2525 4763 5091 1390 1703 1985 631 742 602 726 2499 344 700 5850 1737 1057 4756 1687 291 1526 7 2054 1964 2573 110619 4059 347 109445 1257 1315 2288 1364 1841 1415 9 1701 7484 235 256 1074 1868 1930 80 5142 88 928 1561 2229 6015 6722 594 4342 632 468 1254 1419 3947 4342 1601 2817 1258 1013 2843 1659 233 782 1850 750 2059 1654
402 1976 573 1266 5300 419 1027 1047 276 335 2303 6408 1935 889 742 1814 4543 1751 448 510 1972 1444 3167 2428 551 698 1568 1360 1772 1879 1915 669 1226 1536 3411 1790 1048 918 891 44 1714 3088 1121 102184 237 191 4251 1495 917 380 239 2405 1766 4470 123 1381 286 1259 1616 1265 1964 156 1302 1936 1379 4274 3351 3152 1501 322 3565 253 1521 2851 1667 631 5 96 4033 3439 1046 2194 1698 1380 1521 1328 3990 1364 686 610 814 932 188 3223 1230 1728 234 984 1043 4504
1602 9 1139 1399 976 1081 2326 1498 5022 3102 1412 2411 2919 1141 144 1564 103622 123 1066 1214 591 6373 891 1812 1680 1733 2291 412 1575 1779 1146 5888 5254 1806 314 345 1261 1711 1016 2290 1160 642 243 98926 1870 2976 5085 70 267 839 151 2257 2109 3260 217 2910 87 1757 3207 586 276 1366 479 1575 285 2697 96522 1922 648 906 6078 58 1172 2428 1096 904 890 583 111080 3658 2026 2781 881 2488 522 2316 655 1409 1836 1737 894 4822 1745 3952 336 204 2896 845 1474 1847
449 177 721 1195 2374 50 1830 430 7092 1594 1780 2338 68 1074 2605 1044 102755 1595 686 3019 2238 77 2695 1733 770 178 66 644 767 617 1106 6042 3799 3543 1674 2392 2189 2051 2106 2088 42 6211 1007 1839 1612 2879 192 1885 900 43 1552 2107 775 1910 1507 212 81 1487 1467 1129 1301 635 131 119 1474 2640 99431 3304 984 8 6050 519 2559 125 843 657 1995 1443 96621 1062 1469 7082 191 1865 542 1161 1333 5097 370 3166 1363 5107 451 4535 893 665 902 464 1775 2235
9 601 1484 1137 5477 908 1288 1283 1217 2305 2977 90342 2804 1355 616 1428 1426 59 1654 2398 319 5494 1201 1961 1922 2812 4335 1229 185 1814 1764 4524 3527 4311 833 2218 1333 2215 1016 331 693 6199 1297 843 1480 2559 3426 1000 2506 41 826 386 871 764 1177 2294 2114 2397 1983 1785 2292 535 397 1162 1773 1514 1502 3485 1441 1801 3949 2057 952 6146 1541 263 2102 830 1137 4788 1364 2193 1044 558 157 2116 3898 4139 1999 188 40 3918 1338 1363 442 3275 2819 327 510 3045
563 1151 1834 870 5137 2136 2003 1591 3215 2415 1575 102085 1665 242 1176 1489 1290 2220 1629 2222 1678 4037 1934 2860 2209 2994 902 890 872 854 527 481 245 506 1615 2793 2026 2277 1391 2216 1001 3907 1187 2178 111 2772 719 574 2493 24 739 2215 4146 1253 443 3858 452 958 3531 1757 1788 1844 2075 174 746 3226 1526 4474 1350 365 1429 205 817 89227 917 614 1536 208 370 3620 645 5142 1984 23 969 1440 64 5064 42 484 1823 1714 2748 2434 434 243 1972 1567 1787 3617
1785 1342 2160 1137 2000 770 1 20 1419 2814 1002 736 1593 850 1368 1476 1357 74 567 2390 2186 1415 1807 3483 1086 1532 4482 180 3327 208 693 2395 535 249 1918 5866 100 665 1665 2121 868 631 1322 260 270 1395 6448 634 496 2017 731 993 2798 576 2354 749 1987 469 3994 1749 85 1989 2168 1665 1732 2958 562 154 1772 1091 1525 1941 1666 105560 610 544 1380 356 2332 5047 2572 2814 1008 647 99 1520 4421 20 209 562 1857 3224 2725 2502 1036 2223 294 1564 1526 3287
1598 441 2174 333 2544 1309 1854 523 5048 183 3152 1656 1135 660 866 338 643 2750 288 973 1451 107620 2669 2316 3106 166 855 829 1765 353 1119 190 963 4240 3252 5745 60 1178 1493 203 54 5253 530 69 516 2206 2821 62 2566 1484 1071 452 2610 2277 1354 2541 1568 846 5432 1236 1747 252 225 1401 1177 2325 2346 2073 762 1719 3948 338 754 1902 37 1259 994 1337 769 5015 992 6157 888 305 262 2473 4252 1028 1662 384 515 3391 1506 655 676 2957 2028 1331 321 452
157 822 1779 169 4556 1784 883 216 2206 2607 3619 961 2226 1784 249 1868 220 1418 1311 4035 600 93625 2026 2671 949 99 647 1969 1590 517 601 2656 2485 337 2161 3250 291 2461 942 2079 1191 122868 1577 458 1568 305 3855 631 397 1830 535 1417 2496 4683 1255 4755 1513 1847 968 1602 2200 236 1897 1211 260 1059 1977 4167 1095 264 1811 579 1048 1621 794 1592 1640 2210 1720 2673 2316 109572 1603 2183 838 405 3640 2889 1097 524 472 170 2850 4669 1725 696 809 1026 1838 4533
156 1603 1259 871 4499 1432 705 416 109622 1695 3435 1696 1708 481 2313 1664 1104 1387 753 3669 374 1691 1873 3110 1812 159 4640 1509 2157 1855 568 136 1289 1095 85 321 819 828 1925 974 1113 91294 142 267 687 1807 104164 960 1723 434 2 2466 3080 3653 241 273 1764 1695 5381 167 54 912 1612 274 1291 4526 1485 1322 2097 559 5659 502 1805 1036 491 1644 208 1943 927 723 2977 97298 731 67 617 2381 2935 4881 2175 2803 2105 3291 62 4698 134 3835 1852 1584 2027 732
1162 87 1080 1830 655 720 2629 1867 108848 2748 3656 326 1460 1532 390 1679 321 1291 391 2596 1093 318 1247 1327 2157 2551 3842 780 3316 717 884 5636 4745 2433 1812 5300 2119 1818 1734 541 2065 2333 512 2286 1420 3202 103934 1231 2937 393 476 1937 2274 1223 115 4916 1803 578 1879 873 1548 379 631 481 390 1664 2203 491 244 181 112661 1729 740 797 380 864 1919 88 534 102091 1946 460 1026 1383 1114 1212 2828 3578 1534 2346 98 1078 2159 3877 1805 3036 1299 251 2074 3152
233 215 945 901 100709 1856 2266 1014 354 739 4084 1745 2939 1146 2120 528 64 2102 119 625 612 1521 3540 271 1606 1013 2572 611 2810 159 1180 5059 1657 2383 355 2802 1337 573 21 1431 1563 1462 1854 1469 530 1006 2076 1872 1083 1372 1040 124 3222 955 465 3784 2119 1140 867 1926 404 1235 1135 1525 453 4053 1180 1344 0 543 89246 414 1230 1779 347 106 303 846 1456 106826 2861 1507 823 987 1794 2035 2302 4250 1066 1383 441 2258 42 3423 864 1833 1371 1713 1112 1585
1756 1452 696 1459 115720 1452 2555 1944 1555 1951 623 806 1074 432 2471 510 590 1488 48 857 1215 1295 1868 1680 2828 3378 4256 1330 2790 522 371 3576 301 364 1692 690 1872 2235 1307 251 1826 1537 868 2300 1986 3449 928 43 2650 1727 1527 1075 3670 717 2077 1296 532 996 104942 1818 852 952 1470 746 761 4170 222 4054 1554 1040 1108 782 2606 16 1193 757 1300 2169 1822 660 1041 1645 1829 2199 1658 1447 967 1525 519 2882 1195 3452 24 4270 907 2336 1728 1790 1392 976
1547 1503 704 1240 378 379 2409 1465 270 987 2731 368 2339 1116 1126 152 1913 1059 2180 2377 2083 1873 3203 258 1832 1813 852 2053 2147 2043 2529 104749 3009 2270 1954 1628 347 250 361 605 1555 1393 416 525 85 2272 752 448 1683 938 1933 2349 3244 2135 760 1242 1836 1368 109612 2017 1310 927 2156 1752 1961 2467 598 3279 434 1663 2375 1067 1150 1968 1080 1663 1273 1516 250 2172 2121 2536 1511 2238 1385 761 952 3853 1668 710 1360 2858 1313 3598 2081 555 2711 83 576 3195
237 171 1199 1565 1661 31 1987 427 2629 2828 4014 81 947 106 1490 597 1429 1723 984 656 460 790 3734 862 2547 631 5286 1153 1204 577 1787 99041 124225 1484 2735 105442 748 2381 938 2558 1462 1692 1935 416 1685 1808 1628 165 124 381 1503 71 242 1683 1550 60 1582 191 1001 1964 1864 1538 1433 950 363 2247 1017 3799 860 900 2229 1115 2869 1482 1509 1071 894 130 1360 312 170 2277 890 1351 2147 1378 1059 3037 580 2102 1062 2386 2491 3695 1053 940 388 2014 696 1175
1798 1158 333 727 1980 1377 675 1568 748 2915 3521 187 2746 1931 2633 1565 910 1463 354 718 2198 1997 1054 2072 48 2539 828 1253 673 2003 1608 2020 100640 3835 3097 100692 2318 5 1126 543 1209 2454 1010 617 1763 2671 120 525 666 1495 597 885 3678 4174 1859 3004 770 2208 1978 334 149 449 183 1607 2223 3179 243 3471 549 1772 389 1865 878 1545 1088 17 2031 247 2025 1621 26 275 910 1720 1846 1012 1893 3729 2168 2609 189 3438 1887 487 730 512 2347 2099 1972 2772
1074 1616 293 12 409 1169 869 848 2319 2050 3625 2381 867 700 2141 809 1560 1878 1361 2289 24 2598 551 809 1412 899 2832 601 108 2048 569 158 2713 1576 3364 2216 1928 346 2237 215 947 102 1753 1666 1095 1186 814 533 1007 77 1705 1754 1065 1180 254 111948 1016 1949 1777 1284 2242 2076 534 1058 65 1143 702 2690 2049 1456 2507 1952 1252 1771 1828 688 1919 1877 80 605 2560 1700 922 2253 1042 2167 1050 898 1627 1681 1316 3999 979 2467 837 746 1983 549 261 2178
302 1374 1835 540 2281 1110 997 1038 717 2906 910 682 506 1695 2467 2009 878 1046 1542 3727 863 1211 2722 3385 1444 2218 3174 2123 3023 1026 1635 1899 864 3437 3329 1196 2062 41 1549 1389 1248 1956 1662 48 195 1696 2671 328 1773 284 911 681 3708 1209 1475 96631 1110 2386 1026 1473 361 1703 1348 723 342 3287 1832 256 1263 1037 141 878 1909 279 1834 1908 88 1186 1935 472 100 1364 1773 1525 1536 86 152 96294 1692 37 1549 336 595 95309 254 509 2468 1753 618 299
1637 1357 2029 921 1587 2289 2295 1755 143 330 1689 1537 2585 465 1039 1433 565 1433 581 649 2144 172 1831 3046 2478 767 97198 1123 957 1676 1026 2813 2300 1959 1076 1916 177 1430 1791 1541 438 1601 1990 1016 887 264 185 1327 743 1486 1147 714 1385 903 1799 1970 96 1112 1175 7 421 1688 747 1736 1312 2915 1735 1269 1401 999 870 2077 1001 2057 1893 955 367 718 115 1830 2610 534 437 2088 1331 1220 2596 99046 356 3021 128 109375 644 90469 382 2571 363 1989 432 5114
1272 128 697 268 2770 794 2422 1335 614 923 4171 975 1521 138 685 1148 2332 581 180 3924 752 687 1048 2727 2941 206 118336 509 1836 1769 1857 1524 6 1263 508 2073 498 1235 556 1396 1013 2148 756 2274 861 186 389 130 1885 1631 2129 1110 2877 824 1491 302 2160 1025 2441 569 1485 963 21 1135 6 3254 1183 109428 1206 729 2378 2117 630 1333 287 1633 1207 535 839 2009 2842 1806 1752 159 985 1782 786 2237 1578 1518 235 94741 2764 2550 512 923 2635 2030 619 4179
1398 147 688 209 239 969 2384 1985 987 1906 3983 2232 2084 1201 2650 351 2008 132 1170 2928 1606 2041 3143 2207 118 570 710 909 3249 2002 861 1755 1978 1175 355 1633 1557 1571 1383 620 606 837 919 1139 1336 143 1091 1669 917 202 768 2324 3820 123107 2128 2477 1591 357 2562 1861 1509 651 627 307 1217 3841 1340 101417 143 660 2185 2213 1923 156 1565 1140 889 690 2084 2027 1326 501 102 2493 1056 2470 133 1615 1796 2564 452 3076 931 2510 536 3317 1190 653 1449 95544
536 935 135 1794 1113 1269 422 261 1868 3123 2102 449 243 663 2369 1826 2054 2672 1298 3519 1976 182 3102 3800 1947 2562 1186 767 2479 2182 2429 1218 2379 4207 382 797 1501 1076 1386 936 473 1859 522 1143 1518 3275 2554 171 119 1504 353 2477 107507 100003 1207 1788 2105 1121 1397 895 253 2122 1949 2057 1168 2498 177 2472 968 585 452 1131 2551 887 3 437 242 457 2371 2313 879 2268 1599 2017 1606 1018 2971 280 1408 1751 2057 65 2508 1119 1730 2369 2102 1430 947 102385
1236 1010 176 936 2759 571 2208 2080 2534 565 3495 1223 2644 501 670 242 1027 1878 2243 1798 707 2312 3342 222 2293 380 2648 1066 2043 368 470 1964 2402 109169 1035 814 2245 2376 1404 835 1388 1659 699 2040 1885 1450 1377 1868 941 550 558 780 97395 2640 1522 2818 3 1098 40 2410 850 302 1268 2000 1636 3016 204 587 1103 616 1942 2237 158 2051 550 313 655 2117 155 243 2022 1573 550 1029 1927 1155 4197 2679 759 1086 1927 2678 870 322 990 3462 1774 1321 1813 1047
287 1060 905 690 427 496 2069 319 377 2926 4210 2287 5 171 2687 1789 1916 2781 419 3927 1595 2640 402 2743 1688 1892 619 738 1364 783 1149 1165 264 99815 771 678 89 1489 1913 890 997 981 1657 249 1721 1488 2277 841 2338 640 372 594 1056 1955 632 2573 124 1637 1334 1228 2102 1594 607 1514 589 3021 2350 2317 456 959 244 2146 1757 72 498 1028 1115 1130 1189 2061 2701 825 1111 1760 818 1413 1144 1745 1546 2195 222 2503 88 1497 1716 821 2714 1950 1213 495
310 918 1778 1004 2789 270 354 485 271 466 98579 2209 1912 1959 2772 2009 703 1566 1483 933 392 2640 2963 2414 3099 1651 2403 786 2214 910 1098 2804 61 2052 1541 921 1808 109 1593 2406 1118 2365 58 1937 939 928 397 1090 418 1960 1666 2349 273 3004 1408 732 1588 794 2745 2459 1690 1627 163 1245 1975 87641 2223 1379 1577 1848 2347 1290 1366 760 1053 918 474 923 1429 270 1627 2299 1014 262 1751 1791 2989 2336 505 800 480 861 1719 328 19 3192 2877 577 1515 3205
1581 1404 2235 1495 2608 197 1905 1504 448 2088 111259 1948 2917 316 692 125 1189 2198 709 106 2051 1404 3052 2954 2792 2013 2338 244 1156 1327 535 1185 574 1759 3500 1930 1333 270 1534 2097 1552 2302 172 2319 1599 641 2445 967 1407 218 1883 1281 2062 1766 2240 1615 1918 787 2409 2516 2210 583 142 834 1870 104665 84 527 1416 1752 1550 1150 2789 805 527 1698 170 1547 707 1249 2816 805 1346 728 604 62 3164 454 1910 1610 1877 2345 1893 1266 646 2494 2569 514 31 139
212 1875 116 1532 1113 877 32 3 751 731 2795 1234 1831 1360 2280 1688 1058 1965 294 1924 1104 1813 91 3741 805 3238 2001 2073 3538 546 378 2793 2905 443 3543 484 2388 1879 814 1978 1424 1467 1975 2096 766 1356 671 1467 3102 1099 1862 2268 1196 1376 1174 1968 1424 431 492 1945 1359 936 1487 772 333 2805 1466 2844 410 1236 1973 366 1953 1603 620 1233 997 974 1431 2538 1182 1276 1997 1765 168 85 104245 1930 264 108 469 1398 167 1538 1801 1240 2003 1131 2216 325
1221 821 2125 1900 1528 935 923 547 2336 1275 907 1190 1398 418 2703 1134 404 1259 1813 1408 1119 333 2194 2591 695 864 533 224 1097 274 860 2420 1720 3205 283 672 872 790 1247 2018 1292 2477 288 1656 780 2258 2483 2049 965 278 1959 1619 1369 670 2082 403 229 81 962 53 782 217 1048 87 1189 2804 258 17 1459 1207 2626 1082 1407 168 146 1290 2093 622 1799 1468 1759 450 1494 373 521 397 100873 1653 1722 2920 2147 2898 613 2703 1430 1754 500 921 746 747
254 464 2008 1841 2363 1483 778 612 1056 2282 1350 906 1659 1613 1828 1100 942 2148 755 3117 1211 1031 1985 220 267 303 812 1177 538 2198 2430 176 2378 3122 270 1073 2444 751 624 1898 316 1387 899 1978 848 1490 1658 2158 1793 1027 1218 2036 1061 379 1756 2329 1425 915 715 966 117 1588 1682 804 632 37 543 2450 2093 1534 465 19 1384 990 143 1387 779 1508 790 2353 548 1175 1472 1405 416 64 1634 233 506 2680 308 389 2045 1078 761 678 1934 1624 142 2106
1262 1217 1087 1768 2492 891 240 2117 638 174 898 1900 1730 1842 843 445 1444 441 683 2230 2249 1513 1258 3204 1055 2372 1009 1236 549 1058 810 2518 785 151 1945 2448 967 970 790 1548 1519 2314 493 1252 1932 2744 1227 1727 2141 2039 1982 1566 3015 2916 1699 2234 290 1397 87 2677 464 2110 114 483 348 33 2253 2941 884 502 1684 288 2773 1441 82 1765 711 544 1497 1537 2916 1060 1695 1580 701 2322 660 904 84 3163 2032 930 1735 1439 1840 2876 2037 855 789 2907
414 1743 1169 1926 1609 13 326 1213 1789 2811 3336 301 672 705 2888 1340 1350 1241 1260 94586 1282 1900 1024 3232 1136 3481 1916 66 1123 673 1492 722 313 1529 2465 2746 1998 452 871 162 115 972 481 658 1855 1495 634 551 631 35 1692 1009 2196 1497 992 310 1111 2252 1181 2107 107 862 1484 81 2212 1426 56 1725 118 720 1729 211 1832 1659 221 1913 1486 256 337 2485 2507 322 1968 2278 251 570 2675 1824 1390 3049 76 2558 730 2645 57 1112 449 1563 905 1654
38 1882 1112 257 420 2233 2586 1151 797 209 2940 1027 1174 1502 796 1317 2467 1072 450 104098 1739 694 1245 302 2168 732 576 4 522 808 536 1394 1249 2953 2853 2516 2031 475 533 1763 1854 1709 1632 1876 606 658 696 137 1698 425 355 2135 1207 3048 326 174 2000 1390 2768 2064 1634 25 1908 1444 1678 620 1721 1821 1666 639 2038 1648 1980 276 955 425 242 778 1748 1255 2281 2599 613 2334 512 2200 848 204 1303 482 1613 1273 1788 1130 180 768 1751 1806 19 1677
221 1405 1210 636 252 244 2630 1712 41 314 2024 2393 1902 796 2703 1326 1546 209 1659 2193 1546 1373 2680 98204 1510 533 2966 1622 161 1817 2311 342 274 2906 940 2689 297 1849 1835 137 1856 370 969 1633 140 1965 549 1402 1190 813 682 2410 2423 1726 2287 913 1598 59 1548 2126 1890 327 2072 394 1762 2268 813 1905 1378 1419 2052 1975 337 1205 360 457 1656 541 794 706 968 1243 989 1325 1123 256 1140 1316 829 574 1487 2007 2081 2771 1788 1768 2006 940 352 2304
1049 571 1486 318 364 875 2282 1420 1286 1205 2792 1528 2824 1041 2377 1953 1823 727 1942 3240 1602 2247 105535 89989 2074 808 2739 1867 3624 1704 1474 2857 2031 812 868 508 1775 1283 187 639 1580 1503 1999 1813 1764 3251 432 1800 546 153 1103 2435 872 1286 486 1062 1236 266 24 1434 940 1688 1939 1003 1341 1756 360 3164 153 1118 2076 1362 784 2026 218 1619 2309 2369 2109 1884 2407 2397 1922 199 80 996 993 2811 379 260 795 1996 63 1353 611 108931 327 656 1597 2258
1189 1864 646 1194 1184 1897 102 1851 2417 1380 1234 1932 1597 1830 742 46 2116 1016 1952 1597 225 1770 112847 2545 155 2252 769 1907 106773 1607 937 1055 2418 528 113034 255 695 1651 2105 55 1669 2319 1917 1914 236 1263 1086 575 870 592 2097 1133 1937 1871 1026 1847 1513 1296 2216 1421 1961 989 1333 800 914 3320 1366 9 403 414 622 537 2642 197 1361 1473 229 489 1191 147 42 1022 1341 512 1087 98 1760 1648 1553 1248 829 1375 497 2993 971 101783 1142 449 715 888
346 1026 1620 1980 1707 1079 1424 1518 1501 1975 962 1463 1291 167 2262 262 1552 2145 1641 2882 1038 1611 1260 1800 2238 156 66 1243 122813 2196 1054 2355 1300 1185 105165 2557 1150 2110 2189 2065 2338 259 1854 1773 1800 833 2480 2025 3120 224 2131 721 1281 546 1464 2021 695 1633 2524 1576 2033 1757 617 2071 836 868 1257 2095 939 866 1860 40 1048 2359 766 1218 1819 576 2259 2396 1136 1869 1065 1486 1292 942 618 871 54 2942 119 1127 2982 356 1106 1547 2021 1587 2159 1758
220 1647 907 1395 3 302 1878 519 134 1794 1430 1754 1382 1289 2132 569 1378 161 802 112 1852 1262 2899 2578 2620 64 2188 1899 1092 258 707 2512 1778 3091 3965 148 1382 1298 646 329 610 2221 989 409 1753 3312 1132 657 655 1273 1222 657 698 49 2128 721 1121 769 2466 1745 2506 151 1202 71 908 2487 1097 2521 1080 805 1851 745 1909 300 207 750 1188 1620 1180 297 2431 333 520 2049 446 1620 2339 2167 1388 1498 1347 2327 1935 535 684 2759 1069 1766 73 1940
25 558 637 1979 1344 1293 357 668 602 1443 1010 559 408 100 1775 159 207 2637 597 797 2060 973 3916 3702 2378 3131 1645 1630 966 2028 104 736 387 1723 188 579 9 392 1047 1011 2332 143 1025 69 287 105309 0 2077 2223 1708 1924 2383 1438 3000 578 2215 1184 93 790 928 2066 1080 332 906 305 592 1393 2407 163 1400 1381 1530 822 802 832 168 2267 1617 1986 649 344 2103 1616 687 654 2365 2419 2576 1673 2452 2195 2983 2125 1441 1254 2177 2129 970 922 1803
1850 1716 677 55 172 1496 1785 1843 568 2955 1858 2345 716 253 147 46 442 525 53 3405 819 2121 3654 2613 182 110648 774 1597 2693 1246 2491 1986 406 2342 830 10 1440 1009 2320 1073 2348 964 958 2271 128 115120 377 1713 843 1150 1797 1322 2040 1433 1231 2892 1985 282 497 2712 523 2010 1477 1562 1318 1231 1475 1573 1405 1384 2683 2060 136 1491 288 614 646 1591 1066 1492 974 866 474 1882 317 1580 3280 638 563 2412 176 1796 1892 24 230 1364 2911 771 1336 987
1408 1563 1989 1233 815 1517 2248 1486 2196 852 794 1066 2841 1540 1399 23 1837 2694 447 141 1565 1307 1582 1442 944 113687 931 1024 407 773 503 18 1848 2417 96 2174 1837 1222 132 678 2241 1881 180 1505 2011 2077 397 516 2351 1228 2048 2498 2132 2288 996 2667 1312 1132 2772 1848 1383 184 1836 457 452 432 2218 142 409 1732 841 777 2787 1475 1438 1937 243 1406 855 1362 923 1154 1708 2119 1671 1273 76 862 1590 2320 338 2434 2674 1600 1961 3849 2596 1104 239 1203
1484 509 17 115 2749 656 1225 1544 31 312 3325 2407 1223 302 1419 455 1916 534 572 2683 821 2604 877 3404 1024 4411 225 170 1664 335 288 1722 1964 2160 219 655 276 607 1406 336 413 380 1965 1893 1575 1812 1595 1598 1779 1858 917 1668 1172 142 771 2185 1343 748 1122 493 2151 564 808 1607 1967 2619 1433 704 1625 619 1348 1642 1234 1802 1802 1806 1101 1609 1042 545 814 954 1038 2149 1009 514 392 1786 387 2603 1998 1973 2625 2779 582 2530 2313 2159 54 2771
866 1069 811 1351 638 293 431 46 1970 2445 1126 1905 1757 1248 1288 1813 901 1366 2158 2363 1686 1560 1290 3629 2473 378 1345 1016 928 133 2504 2337 1768 2665 2994 282 1761 798 270 1097 343 303 874 1803 913 2872 2345 923 2517 170 673 316 871 2135 219 715 386 203 2216 1603 1298 695 1480 1178 387 3424 2239 1748 1184 98 1094 803 379 2404 21 410 1053 33 1281 40 33 884 990 1690 1798 1964 2417 2381 2072 92351 847 1254 1596 2269 1308 2782 2370 1780 1370 452
128 292 1246 1150 1259 378 59 370 2204 2747 1075 2408 1362 1015 1640 1861 1532 907 881 2512 1456 530 948 637 2634 3461 970 1310 353 724 1905 290 2666 1696 945 2216 1429 1622 118 1387 1840 2493 1297 42 1914 1194 2627 1601 2422 786 1214 996 900 1127 1219 1714 1496 1285 2781 873 605 1771 1619 338 1468 1034 637 1925 1979 1705 277 1184 674 1542 632 251 1203 546 1606 1000 31 723 1479 729 1617 318 1652 2747 1907 107070 1121 2360 2731 2341 937 657 1666 0 693 1812
1120 730 651 1562 1737 1219 195 1199 1489 95026 2001 1611 2713 1392 1145 1806 1535 1518 1413 187 458 2336 2600 3490 2791 1107 359 740 452 1279 1833 1914 2622 116 564 1010 241 82 876 107 2242 1933 1382 2015 1462 631 480 636 5 1678 1593 1695 2074 1813 1640 2343 640 2156 4 2203 2083 457 885 1064 1261 1386 609 2490 823 1920 1071 2023 445 1304 714 918 2068 617 2154 1109 1256 2314 1864 1204 1704 96 1617 1394 198 2897 1840 1359 1643 1450 1998 3051 2759 2160 2100 1993
1092 488 1429 1792 2097 1395 2192 362 1838 107572 24 2015 1075 379 1833 47 2270 648 2103 1025 763 2125 3508 2753 192 3843 2031 388 2240 1028 1607 891 1680 537 3512 1668 1813 1378 1512 1831 1314 2085 598 1026 1778 381 2546 689 1850 1348 1174 1288 2170 2886 258 1099 1397 1454 2481 2340 1310 986 289 702 26 2299 707 356 1496 504 2571 1863 2527 1256 723 1899 1234 546 1683 321 1415 453 1720 1030 813 1 2776 110 1460 1644 938 2639 1269 1576 686 929 2793 1847 983 3193
1175 605 1994 83 423 1265 2321 53 167 44 212 1787 913 1062 1000 350 995 1294 2351 464 327 664 1448 1996 96139 4144 423 386 912 2005 1924 1113 524 3041 2009 1777 618 1632 2293 1179 1664 104 875 1739 954 2360 176 184 107960 2036 1453 2090 1479 794 740 1995 80 2297 787 2132 1838 955 372 1531 560 3342 659 492 1572 5 2159 2094 2533 2250 1196 833 962 1923 1405 2147 579 1718 1634 2897 2016 1147 1962 2395 1495 2092 2025 1533 1569 576 1746 89 775 1474 1883 1853
495 2025 673 1945 1835 2170 618 2075 1818 4633 1802 2044 32 1390 96647 132 1700 888 1580 3146 2078 1343 2305 3010 113377 3255 2455 1269 4027 1554 1203 1256 630 2557 2337 36 784 2349 2014 1240 1677 2082 1517 1488 146 3547 2335 1073 98911 2022 743 2283 2816 2032 2151 1991 789 1776 2023 2501 1113 1324 257 1122 886 1919 32 1255 757 554 2529 871 342 1606 551 797 1958 183 1778 2115 1772 790 856 379 2172 2270 601 1613 1421 3664 321 2921 1537 2491 315 1700 719 905 1094 439
490 400 1291 674 1565 2174 2471 1493 187 4063 566 884 1182 493 97473 1687 2033 1426 302 3299 1460 1195 199 1998 2830 2597 607 522 2944 1950 2427 2311 487 1034 2813 1710 1439 1636 462 954 1498 2450 1582 2444 13 4264 1914 571 4413 1212 958 1059 179 1494 256 1779 1738 786 314 630 801 1211 2009 815 1424 928 2034 2003 382 917 1216 342 701 3 688 34 2304 1626 2365 1888 2467 1375 1279 1 47 1694 2283 2706 1826 3453 343 611 102538 3035 673 1598 1849 792 1615 1080
252 1858 716 1933 829 900 2031 442 2269 3394 2475 166 541 1657 3709 2000 1622 2133 762 3333 1500 2586 3791 2383 1778 3462 1631 54 3074 1889 2367 2705 1937 1068 877 1287 426 2462 1466 229 2371 1801 735 2236 1043 4228 2340 844 2221 587 1310 2138 3229 3116 1351 2523 1448 928 263 72 263 168 1722 1876 798 2087 1128 1855 1938 1729 1672 355 145 2570 1123 261 467 2184 628 2419 103901 1416 1720 1925 1395 1478 1947 669 1173 4201 1518 698 108939 232 57 844 1873 1146 2133 1342
369 510 2060 876 1449 1663 1705 582 1815 4303 934 1453 98293 154 4543 560 1521 840 258 1941 1323 253 3195 460 3436 17 1072 521 3470 1873 2034 2131 2865 3098 2408 1004 2197 1177 445 1062 914 773 1578 2373 1254 1814 2137 1866 792 363 430 591 1252 2237 348 223 788 841 503 1139 2160 10 1492 975 1730 666 251 3131 812 774 545 805 107935 144 943 1101 1225 413 1531 2133 114632 699 1954 2046 1344 834 3003 684 2149 3510 2181 2074 471 1673 1851 3065 87956 1988 1472 1956
199 920 847 394 1262 791 855 0 1680 2077 765 295 117078 1929 1560 1468 1719 2584 640 3190 620 1119 413 3242 4109 199 2686 1632 122 169 1532 2385 2104 2538 4077 2515 1111 2020 403 2227 2120 2573 240 1407 1404 1560 1050 629 2610 2034 1926 2063 1306 2776 199 2171 2084 1915 1251 253 1651 50 434 1748 680 1133 2008 2565 202 973 1890 1031 128938 642 181 1830 1976 2429 1085 2323 5248 2568 307 106524 1701 80 25 2826 1993 3115 844 1825 4928 2434 1359 364 116243 733 1093 185
1601 1802 959 422 177 544 249 2007 1084 2268 1590 1592 3553 425 4093 183 2026 102599 2328 1611 826 254 196 2435 4171 381 1011 1244 2170 1656 385 2168 645 2615 17 1635 1852 1210 1081 1268 846 1120 467 1904 1558 1456 1633 1088 3449 1936 1286 1836 1333 941 1366 1512 238 497 1722 1354 1112 440 883 365 2148 1397 1344 1984 284 1725 2607 1777 1033 2178 240 1724 2140 1869 2233 927 5236 1073 487 110008 1223 794 3199 1809 1178 1791 1806 3021 3122 3032 674 1333 1847 1599 2025 2005
2059 1610 87 432 2338 1575 1967 889 1184 854 3279 1080 858 80 175 1867 2316 95237 2224 3310 2095 2477 3168 2898 301 3452 54 881 927 2162 2330 634 826 2516 4100 2900 463 474 938 1772 1990 1523 252 254 527 3006 1526 378 1445 539 1590 713 663 822 1165 123 511 1995 2467 16 1115 207 206 852 460 1615 291 1337 1562 1797 2213 1440 3126 115 1962 1693 1752 127 1955 2474 693 1127 1581 2919 1824 1541 2157 2367 39 4280 1751 1071 1512 2048 651 4050 5362 122 2041 2485
1033 1736 2257 483 598 280 2498 1498 306 973 656 1201 3370 1636 1134 1136 842 6233 67 533 220 1416 1296 2276 4638 2443 1710 1646 47 770 68 1041 1572 1188 4133 1437 1184 593 1124 1186 1783 543 1780 1971 474 3907 2536 1309 3646 1566 389 260 1287 117 2012 2056 362 197 738 236 1973 1504 1905 1365 1274 1496 1998 2872 1192 492 1473 1153 1980 750 1006 896 855 700 556 860 3921 1471 611 3922 338 1298 1426 1422 1289 133 2171 316 1968 1959 473 492 4401 47 1013 567
316 1848 752 97 1299 778 178 1520 1249 2645 305 2163 2461 1614 1338 1205 2053 379 979 63 1558 813 107 2621 17 325 860 286 687 878 1925 2153 2897 2927 3752 1672 1443 1992 972 315 953 457 275 576 1753 1414 1317 280 259 237 2163 531 3163 1934 573 107 1744 231 1718 97308 1139 1592 860 940 527 837 717 2924 1360 2093 2460 1588 190 204 185 988 2001 1364 1652 1043 5855 1993 298 317 1907 1183 209 732 229 4136 264 2061 4439 1616 73 3150 632 33 1967 1437
1024 1917 1469 1259 1791 1302 629 864 2648 2419 1911 1611 3011 1057 5274 1332 835 6429 1769 1494 1173 889 363 2483 3165 618 3072 406 4139 1891 1367 390 2092 2208 237 1502 1676 2468 924 2438 227 1122 870 344 1116 127 1663 1548 4970 1321 1768 813 512 2671 1874 2191 520 1693 1926 120670 1229 2021 1324 76 801 3090 2299 362 354 158 1689 1511 1736 2314 1048 765 1183 1652 1830 370 4242 2602 1782 3599 2165 625 2924 1440 1961 623 35 1233 5377 2723 167 2960 1061 2036 100 3161
1440 1335 1144 977 2627 610 96670 649 1038 2109 3112 227 4151 1674 2077 557 547 5175 1283 2039 2078 1732 1543 2044 224 2466 195 1906 101 2053 105744 812 924 30 2368 451 1380 2309 59 863 1215 2519 296 721 429 555 1407 1165 1851 424 686 1724 2708 79 869 252 1406 1425 151 1719 1513 315 762 13 1696 2878 1872 1920 1586 363 1127 1472 1107 1205 958 700 2341 2425 143 916 839 2534 1960 4797 1840 315 1892 867 382 3220 826 568 2757 2236 1031 955 345 1418 632 2388
1525 339 1585 752 1301 1709 110081 317 638 4489 713 414 5814 1703 3166 899 168 3081 1718 1094 413 2408 1529 943 3450 3489 2924 2036 2348 1451 123432 460 1152 1731 3907 1392 670 22 1312 808 984 2188 1667 2435 1162 3533 2179 538 3827 1660 91 445 580 2173 740 1602 67 623 1066 934 1612 629 142 256 888 605 1487 3081 745 290 2310 291 1467 1159 1136 1325 1012 382 1680 1161 2193 2205 1512 2408 409 1616 988 2229 592 1241 1711 1112 3513 2760 623 3334 5619 1467 943 2907
1616 1208 586 546 947 2159 978 1467 2173 5047 982 463 3330 359 1472 501 268 1685 1590 13 1382 1102 2195 3580 1765 662 301 206 3208 2024 4830 672 1102 1695 3024 2398 1138 2171 851 422 596 2341 937 370 251 1282 1876 319 665 1501 354 521 2586 1428 1569 237 974 683 169 6681 101 1491 351 863 285 1372 1768 637 261 1112 1266 1216 838 1853 599 227 609 809 2382 1548 2336 906 1072 4783 1931 104780 1501 2841 1541 1514 1626 767 5218 1277 1216 1993 2027 786 1055 569
1780 1479 1510 1723 456 2228 4972 1873 1905 1182 767 1394 1186 1523 4002 1641 981 2344 2357 2928 448 251 564 435 3674 3235 2137 613 1095 1560 1867 2522 1297 791 217 2626 1176 427 1251 111140 1281 2025 1213 2216 937 2597 1764 331 3729 1750 356 1805 2316 2243 550 2051 1513 582 1845 4021 1763 1184 1161 900 476 205 1830 1622 1235 992 1955 642 3883 791 681 784 636 1944 419 1428 2121 1819 861 338 1426 111774 1702 69 1365 1523 171 674 3998 2572 1071 4018 1079 1117 82 324
1048 1348 1927 533 1577 1451 1477 1809 1770 3793 2406 2427 3137 1383 3952 749 735 3817 610 724 1824 2223 2498 1960 3161 4059 1545 1411 1720 1 4028 468 1508 2432 1406 2212 2156 545 2196 111957 268 1639 1775 225 2015 3565 15 935 3949 967 1600 90685 1349 422 417 1951 404 1818 1060 299 100409 294 686 1426 1363 2365 1889 97 853 1380 1150 1975 1472 1009 83 1857 2188 112646 1084 177 3546 592 923 5936 166 97 2682 14 1390 3117 1381 2803 350 1480 548 925 105 1345 611 2601
1255 1759 1700 1624 215 1672 7637 1071 1498 545 2666 1017 5733 512 4344 848 1766 3317 1601 1893 457 1761 2908 3408 4263 32 1212 1877 2411 1323 4204 185 1578 3240 2496 793 1433 2227 1331 2684 96183 890 1017 1858 1292 527 869 1638 1405 1692 949 108160 2653 450 1017 1189 1101 922 1079 451 125591 1981 1665 1211 1787 3298 86 1737 433 1824 469 1594 5544 1537 350 890 504 100596 1622 1724 2329 327 463 2828 883 2208 3358 2834 101 4754 1777 54 781 544 313 3152 1037 350 1176 629
375 1998 752 1130 330 1482 5866 903 442 1717 2294 1634 4887 168 2507 1557 1964 5858 11 3162 936 1807 3093 2961 418 444 1206 1400 3065 487 178 1254 2125 1322 774 2140 99104 102084 961 7615 94760 753 1604 722 364 4361 1996 22 4381 1355 1107 2869 1384 1426 2209 1831 433 998 478 1230 1306 316 1923 1131 1359 96 2456 1994 2078 1291 586 1651 1612 2500 1069 448 894 2026 2239 2337 413 1983 1684 5084 485 7194 2566 3012 2176 2897 1163 1197 1174 742 1672 2289 2369 1810 480 2482
525 1444 1841 607 1196 508 6701 1365 1256 2598 1669 2020 3957 1704 5036 889 906 6176 1690 989 529 460 2055 3252 701 336 25 259 1027 822 1377 2244 2205 2168 3892 1277 101012 113453 108054 3068 1848 2148 27 1323 924 360 2376 16 5379 792 1422 1905 411 1862 996 2034 1708 2189 172 1543 5541 340 1258 1990 1186 2986 2366 908 330 222 2746 794 1136 673 1364 1750 587 2465 229 765 763 1589 753 2519 523 1611 54 2823 1243 2186 1236 2414 3724 2689 89 841 2285 379 1124 2069
1613 1958 116 174 2251 1579 5376 2122 1932 953 2505 132 3445 146 338 1919 786 2769 1879 1410 908 436 3926 1835 1782 4522 1982 887 3609 1333 1245 1203 1222 2085 3177 1757 3594 8144 107604 531 5800 1558 1947 2456 940 733 1534 948 5158 1965 1341 6380 1893 1943 632 2976 513 1186 1621 2170 1613 1896 1887 1780 1436 2765 1760 2812 1423 769 2700 1425 3654 2084 2035 2003 403 2720 1560 2397 5263 2092 235 5171 1590 1037 3522 295 862 1737 659 2100 1513 3016 1017 1587 1184 222 1343 1248
738 1171 2042 1232 1869 1701 4809 187 534 1726 2199 790 784 993 2559 741 2085 6411 104428 1665 278 1607 2995 2259 5303 307 1721 89 469 1381 4239 794 1546 462 2476 1176 6942 5698 5786 2007 1136 777 1123 1585 645 13 732 1685 2042 859 126 5596 3154 2694 224 1866 1213 1510 2681 4020 8894 515 885 1908 893 1892 2389 833 939 1611 765 1902 5960 1147 1445 1298 1120 1977 985 1106 4884 1685 1339 1643 1160 879 398 2387 2046 539 761 1964 3252 2801 1401 1265 1879 992 1481 1384
433 997 105095 469 279 612 7058 742 321 3633 1860 162 5295 1103 4286 1570 1617 2466 123134 1062 2134 907 584 610 789 2365 1377 1459 457 1656 1024 1249 2904 2573 2828 803 1960 6106 7291 3082 7304 96 225 511 1214 2512 1608 339 838 1426 19 5053 914 2106 682 1831 1994 1646 821 1056 58 1838 513 513 1355 2328 2244 819 1613 1774 2477 1363 1207 84 1587 407 103009 810 2025 1393 1319 1878 11 2168 1396 4432 2881 1480 974 1986 1501 3057 903 783 1891 3013 2024 767 102241 2311
196 973 106820 813 760 212 6439 598 1564 1647 1911 2063 98 1394 5268 799 1826 796 6764 1988 659 2391 546 2959 411 281 1676 264 1243 1001 2454 66 83 2694 2665 1002 8182 4153 8373 2224 7562 2160 191 2144 1820 3005 410 1872 3984 55 469 630 2537 1957 30 2621 917 1367 1831 3267 4780 1977 263 1939 2020 1338 1991 1422 2078 1063 1963 913 1491 1857 127 1432 102137 8753 2106 1536 1572 2583 1310 1682 1321 5337 868 1694 2060 2299 1772 1495 3117 1164 1973 3498 881 540 115684 2032
499 1700 8857 1437 268 1631 1450 1968 2401 3095 2480 630 2318 387 3321 1454 500 5791 2889 2500 94696 1694 2356 2988 1731 1795 278 1661 1033 431 542 2232 1042 1437 1901 2262 6523 1452 566 4306 4275 1558 397 472 864 766 2230 904 927 222 1040 3648 1294 1470 154 607 552 2008 1514 6297 1807 514 1532 189 1117 578 1703 77 1219 864 2333 928 5308 1210 1363 1572 2359 2415 652 2080 1187 1657 151 4856 678 3408 3141 1985 669 4142 1912 1807 3083 1799 33 1397 1704 499 3967 62
951 1256 2072 1743 1625 968 1330 615 1435 835 852 106 2647 687 2477 1415 809 97 8449 3103 137293 2074 529 2358 2190 1670 906 234 1768 927 6787 2749 2051 1103 1467 1132 3125 3870 9406 5492 5876 2170 1705 1801 428 464 285 1458 3200 462 1459 3729 3088 2620 1869 820 494 129 2175 2305 1492 1697 1689 795 59 883 1171 3145 1946 933 815 1184 3421 1280 1807 838 4417 6806 1117 285 1251 1441 815 5637 833 6079 3183 1693 1972 956 2075 1520 3352 1296 1049 1494 4430 340 3440 550
968 787 8687 1125 453 2354 2667 661 2085 3065 2938 1952 4421 13 906 1979 635 5593 5772 2008 7682 1017 752 2954 4897 3996 1772 2056 389 1174 445 1756 2913 1698 3774 1753 3693 3956 3870 3596 8938 1672 517 1450 1461 1211 257 1678 4166 1289 1023 7619 2894 825 2109 1218 1359 2065 479 5539 5010 1398 841 1982 1496 1601 518 1307 1172 1555 308 1569 2379 992 266 160 4697 6541 1808 956 403 674 1591 2401 442 3887 2921 923 957 2425 2033 1041 3822 2247 57 3016 4495 287 2587 1038
1534 539 9628 649 2239 1958 3285 816 1900 2532 1462 1851 4470 1090 1794 689 233 625 2422 1078 3061 1731 2748 999 2941 3878 2673 2026 1066 1612 1366 989 2104 726 88 1435 3824 8896 9428 5655 6827 2042 876 171 360 59 151 52 4311 1792 1972 3612 2742 1013 439 1033 168 1209 863 4949 6238 859 106589 1326 1537 3082 538 1506 1278 1270 1708 444 2944 1099 2023 1831 8016 3920 189 2331 3638 2382 1688 2113 1201 6105 3060 1505 94657 608 100148 2861 3928 340 1941 3766 3931 1501 133 2469
2012 514 1874 1711 134 1533 3396 1424 2435 4274 1444 1664 1799 1287 984 355 155 5407 2213 2201 5148 1860 60 981 3135 2066 693 890 896 1518 5015 801 1259 1066 1309 2896 4980 2770 6946 4575 8174 1800 599 111 1345 3065 333 1232 157 528 793 7412 157 1209 348 1781 2028 53 586 3823 9030 802 135818 43 2086 908 2212 819 770 1003 746 1392 163 2245 1688 103 3017 9018 1895 588 323 2570 769 4254 1829 6712 192 3037 131918 3567 115510 234 3964 2131 1898 1983 1187 592 8635 3094
1870 455 6988 127 1218 1102 755 1447 2343 2432 1602 1127 643 889 4843 76 640 4317 1740 688 3209 1430 2581 1896 4588 2425 1554 1715 3076 73 2789 2190 1516 1831 596 2619 7799 4126 1782 5502 1904 2535 1573 891 812 3300 1042 109127 2297 1681 95472 9025 3246 656 2130 1861 1494 1048 600 973 1531 1041 7680 338 963 1377 2141 140 814 1766 8 1128 144 2587 1026 1805 10799 6500 1907 739 3119 1643 518 2949 702 6349 1797 835 12521 1231 11321 923 2475 2803 760 3070 5228 98768 4045 2019
801 1458 5575 1025 330 2113 4465 485 2078 379 86 721 145 1524 2120 207 1165 1457 8414 3172 9659 2029 1520 1929 385 2897 742 628 2869 930 7182 1123 218 1033 1835 2000 9615 9710 6205 7169 6551 846 1623 834 676 3134 780 141996 4966 1719 125811 8864 362 2651 341 2775 1295 211 665 3247 1553 1987 4200 1536 1784 1126 32 3040 1411 917 2308 1258 2906 1998 1701 221 11256 1910 1646 1271 701 1553 1631 1317 1593 3668 1803 981 8600 4421 123 1655 5566 213 1244 2977 729 115519 1138 276
439 1596 9338 1453 44 1705 3156 1948 972 1779 311 1016 902 1918 2881 1669 943 4729 9237 1561 4277 309 2311 874 2696 380 91 587 2155 1452 51 723 85 1387 257 802 4462 8005 7919 6065 3660 260 1929 539 19 4012 220 8249 23 750 5210 2088 2788 2371 182 2729 1052 1501 630 3584 6347 105930 14390 1039 1381 2133 1926 605 1870 1371 2259 272 2031 12 1229 953 11251 7892 1773 1416 5851 532 302 526 930 2140 1187 2698 8475 3264 8877 2440 1312 574 2047 3330 5306 10269 6285 86
248 1361 8803 416 1414 1199 6769 1540 559 3404 2920 617 156 637 531 806 702 1024 7867 3599 1871 1541 108 1930 262 908 1015 1737 2233 2106 7649 1524 379 1080 1116 886 8038 5762 3075 6519 8681 1987 1415 1827 1553 17 1270 4844 987 458 9998 7260 1609 151 320 1338 1876 9 2199 967 8760 113821 948 1208 1470 271 1465 3039 104251 102081 1352 313 1409 1360 240 1931 7284 6573 603 1384 2687 1822 1772 5468 1694 7821 3151 250 1087 855 14340 2935 2473 1852 1534 1587 3634 4519 9479 2178
1751 790 11829 410 43 1300 2100 67 252 3777 1459 1713 2560 1082 5040 1019 259 2245 496 246 8554 1079 3146 1488 3171 518 17 933 2014 254 508 2794 1878 63 2006 2529 6785 4401 2604 4914 8644 1702 306 2426 1521 2600 2208 10005 4553 1631 9902 570 1786 1444 1566 76 1754 245 166 3150 2135 12785 8076 897 1273 2710 1546 840 142495 137509 1206 99 261 269 1523 777 4561 6103 2385 1999 4037 1357 1111 2086 184 7332 1107 2409 14993 1418 15199 2375 1435 2181 1799 2042 5575 15321 11995 223
107611 601 4011 1627 1040 1907 903 1037 1447 1778 2781 592 3731 818 5469 1321 2066 5122 10620 2980 3713 2348 3415 3194 2762 4268 772 1288 3663 1910 6415 1596 2912 1069 4057 1417 2745 236 6041 5164 3699 2456 935 72 1473 3770 2697 5610 4407 719 20805 6109 2383 1063 979 1301 1388 1187 2187 106 271 17426 15770 2014 960 1096 1907 2134 30386 14069 1400 119 3625 2297 115863 1160 11788 7788 281 926 821 1894 1233 236 998 5532 2443 518 10558 1910 462 857 2797 1155 361 2418 1461 13313 7215 3138
194619 456 6623 421 534 177 2427 1593 1667 2364 476 490 504 913 4699 879 1027 5651 1375 3478 6199 1542 1683 3960 5259 3350 2271 1582 1554 1647 5147 2273 1960 373 1943 1340 7684 322 8322 1599 3953 829 1042 1062 1973 1164 2582 3579 4859 759 12382 4526 899 2935 2187 3002 1762 137 2658 5204 457 15684 1676 68 1524 2556 311 616 3556 31936 2261 2082 2982 2201 159795 100431 195 8068 411 657 1864 56 737 1503 1600 619 1162 2434 3746 3162 10930 1321 98 2101 341 6 3860 9665 9036 2496
2315 121 8618 102644 1111 413 2873 961 303 4367 20 2516 2168 643 3034 1289 2261 2870 8124 1769 1735 1514 1752 3482 249 1194 2367 902 216 2002 1020 811 182 3278 3380 2870 1902 2991 3720 3009 7472 1229 1734 931 93262 808 2374 10784 1834 551 9383 2616 3237 3135 574 1819 148 2315 1194 6084 5899 19611 6224 990 1120 2589 119 2345 463 15929 732 30 1260 796 15927 191100 10119 3059 1457 1262 4595 1423 25 5512 156 279 2586 1569 7313 1424 12899 352 2995 2982 1545 2200 4138 18053 8992 2074
3066 105 277 200000 1606 859 3030 361 2319 1235 450 1472 1388 1729 3595 271 2320 2899 484 3031 7599 1638 741 337 1971 677 872 228 188 1519 6206 1639 2603 636 1803 1001 7135 5949 1062 3267 2936 117 295 145 200000 817 1125 14933 3389 402 6509 2329 2973 1184 2228 1810 1403 1029 255 5711 1687 20673 5218 1582 1431 2346 1489 189 23100 557 2392 1183 4793 802 24278 8900 8104 4060 1349 665 2118 1101 602 1020 1649 5500 1950 1508 789 995 10339 2765 1644 2361 461 771 3942 13341 7369 2794
6950 2266 3879 5273 6502 5715 9867 6313 6160 1625 1681 4309 9682 3983 1608 3070 3227 7948 4931 8910 700 5174 3385 6107 8081 6413 9326 1230 5794 6123 3842 5253 117 9610 5417 9126 2439 4232 1034 37 2251 7495 3211 4472 9298 647 6094 7176 2476 6743 2581 4731 9821 713 3131 9616 8883 3815 6678 8394 9943 5347 2167 513 8338 9731 9908 3045 6482 748 9545 4932 2462 1950 1024010 686 262 3057 1196 4792 7262 3950 1010373 3998 5468 5633 7408 8748 80 8061 3685 8158 2660 9137 9817 9798 9108 2170 1378
1454 784 5929 1598 3359 1296 2438 7157 6369 519 6645 9883 4132 7290 7576 9706 79 6803 21 2448 230 4769 8682 7189 961 4210 4894 1712 2075 2644 6169 7530 3897 3209 983 3459 252 1513 8872 4947 55 4348 9084 3492 7685 3288 5326 126 5925 6551 8974 1779 600 5373 2131 2173 6205 6729 8865 68 3354 5722 663 820 2269 5188 8732 1454 5443 2434 7020 1662 2634 4510 9661 653 6674 5311 1831 5928 7914 5922 9203 2833 2360 2573 7330 6677 1800 9760 5074 1005 73 7837 5981 1848 6355 1097
8706 5817 1342 6099 648 5261 8416 2868 5440 1136 3829 3368 1419 7856 6468 2460 2428 7570 6751 5304 1822 4116 1851 3024 6393 9635 5713 7813 4914 8734 1060 9953 7584 5771 787 1107 1027686 2920 5762 8695 1262 2004 7844 6794 2578 5871 5436 3885 6449 3551 6517 9063 1152 5428 2813 8112 7935 4975 2489 2731 4414 3278 8102 8180 4287 7211 6428 7083 4685 3799 919 8671 6350 5921 8921 414 3493 3611 8250 5324 9611 6702 369 7602 2255 5228 728 1257 6427 6103 3051 5159 1129 2033 2625 6841 3814
3331 8575 9138 8966 738 793 1347 6632 8382 5994 5612 3739 2237 693 3777 801 248 8525 2928 6227 116 5058 6098 3605 4932 5389 9760 8636 6925 4895 1641 4477 7386 4581 8945 6472 1329 6334 5451 5188 485 2271 6491 8124 1053 4743 3653 2219 246 5471 842 3860 7604 9317 6452 54 8975 5161 3919 1902 2939 1990 5691 5133 3768 533 9199 75 1308 1919 4353 4571 621 1394 3715 2849 6884 886 6768 2146 3886 1664 935 8411 2725 439 5239 1365 5806 9525 6044 1127 5972 8879 6744 5180
6933 1257 8085 7879 6699 1027044 8826 8948 8318 9578 1741 3809 7464 1339 9577 6637 5658 3528 5520 4527 4189 4944 5554 4746 8603 2682 8334 672 1134 1186 2727 101 1401 3079 347 1077 4438 5253 8753 264 3168 7934 7745 6596 8051 6830 3177 5060 2880 4527 6236 1017 2693 10 5133 6878 3372 6495 1245 1824 2755 1351 673 381 60 1064 1752 4396 1010678 1019049 9724 1006 7596 1030151 1015462 5427 2043 1511 8839 7328 1008474 1324 212 4687 9845 9627 6353 8824 1723 2638 1794 31 1610 2470 7790
894 8630 6244 789 8420 3553 1024986 3667 9742 6856 349 9653 2517 4826 7421 2476 9432 959 4857 5600 8203 4774 8445 1766 6656 2559 1517 9717 5974 458 7222 8693 8751 128 3923 809 662 4881 7502 991 8352 1805 9687 6102 5938 6535 3418 9103 7908 8918 2028 9879 9461 286 694 8563 2527 8688 6741 4077 6188 5741 6177 9871 1608 1472 908 9581 6633 8460 8926 2904 3725 8899 2527 6080 4531 8218 9012 9449 7069 3769 4014 7713 7747 5639 1263 3041 6364 7445 6190 6659 5209 8650
2253 7987 1506 4111 4441 2504 7701 4540 1169 6325 1596 1891 7499 187 223 2906 3300 3346 74 2527 7959 5863 2047 2072 7391 4440 1407 1768 6480 5806 6197 4057 6259 1578 9956 5094 4336 2163 4931 2583 1265 5583 8245 131 1972 1744 2942 7313 3266 3569 627 7808 2510 6577 1041 40 8672 9407 9744 7424 5730 887 7545 6050 1354 6587 4550 9835 842 7702 1850 1271 9668 1341 497 8573 2050 631 4008 5670 1013 9230 208 9524 2285 5895 7567 6449 2584 6462 8472 8549 798
9525 9036 7933 3052 6367 8961 1048 2943 4824 3378 8499 8116 9976 8487 2231 2573 7751 4438 353 999 2387 9146 5955 6170 879 1395 4650 6192 8766 5230 6575 4506 369 151 9458 287 8910 7404 7043 6662 9186 4132 8611 4535 9735 2895 7259 9885 2265 9407 8490 2798 9733 1002776 5445 4558 1316 1988 2747 9984 6887 6507 8535 3951 3091 4529 5129 8812 6847 1871 1734 3993 5771 5655 2399 902 3507 3250 1568 9065 1588 3788 6426 3875 2607 8051 4707 8273 1852 203 9755 1264
1568 9334 4291 4965 3922 8274 7594 6731 2986 435 6328 5662 5052 6419 2638 5384 1588 1319 6973 6698 2465 2148 1014183 4046 2519 1393 7747 7946 9855 2127 6676 2456 5426 8519 2076 4883 9047 8882 9789 8340 2009 1711 3169 1134 4060 1824 8554 2967 1681 486 2588 8104 7128 447 3770 8247 7317 3612 6942 179 1010950 5240 3725 6639 8485 4950 4651 4243 6745 3546 26 9215 3233 395 4665 1377 5316 4199 1355 3753 3362 6376 3124 4571 6064 7109 3643 3765 562 524 4733
4770 89 6718 7567 9246 2639 60 5910 7851 8017 9153 6906 8355 8925 8959 3288 1631 5131 8335 5927 8503 6385 6227 3357 4427 6321 1951 4243 3009 4918 4023 1926 4096 2175 666 6848 2525 9963 1360 9814 2020 422 6751 2707 9881 451 3188 2646 7567 842 4881 9143 2025 5139 5058 9199 9199 5972 7252 9688 9044 8760 3783 3859 965 6977 883 6665 7684 7167 1370 3156 1798 9777 7085 3391 4729 9355 2177 875 9130 8041 2483 4323 5319 8659 8426 3858 1920 5809
2220 3316 1747 1265 5556 9770 6921 1447 9794 5794 7211 8372 1459 8327 5432 154 2290 2436 4491 6286 8335 4479 7769 8879 1183 1235 6200 3383 7973 3374 7127 8719 7456 3213 1657 2856 5636 6197 547 4631 5053 532 7017 2337 3538 550 980 4952 6966 7004 8647 372 9077 5562 898 8229 3485 7168 3142 3159 5882 9388 1018089 1000311 8791 5613 8893 1000294 1000865 2507 3629 8300 8478 5317 1025367 5231 7295 7883 9696 291 5410 702 3492 1540 3435 6292 205 290 515
4784 1431 940 4881 9138 6817 2753 3449 4267 1462 514 6930 899 2221 8012 1581 4879 109 5093 8498 1213 1573 3317 541 9121 3211 8199 5449 1669 3348 7519 8635 4269 9780 5390 1011 9929 6822 1013700 8351 3838 2493 2325 4528 7479 8348 3120 2800 2088 2515 140 6228 4260 3643 499 511 1535 9877 628 8008 2294 9485 7859 5597 2253 3717 1508 6391 4665 7583 4600 7343 6512 234 7479 7666 4574 2769 1231 1969 4570 3441 459 108 9112 3370 8264 4865
4735 5143 8212 1775 8829 3745 8583 1615 1818 2193 7 8149 6315 2853 694 1204 2616 9749 4063 6432 3952 3286 8210 1384 3627 6094 9083 307 5153 5257 2361 2841 6425 8556 8814 7958 308 5528 2451 1067 5259 8210 7934 9494 3445 5120 2710 7635 9998 2294 3110 8691 1909 897 3712 267 2549 7108 8148 3072 135 9778 6801 6146 3525 4779 6635 3846 8593 2970 478 5257 6855 958 2514 6945 225 2840 2399 1270 186 8708 291 5617 7573 8108 3954
7540 1071 7161 7197 2427 9106 8907 3846 2337 2171 1020827 3282 7270 2846 2943 5776 5183 4568 910 1146 7566 886 8740 842 3668 1156 2184 8687 4468 8440 3389 5103 746 913 7590 3183 1244 8250 589 2321 4208 7715 8837 541 9374 594 3822 1411 6007 8341 266 3103 1734 8027 1518 9070 6086 2868 6570 3249 276 2071 2253 9888 9894 7475 4850 465 1868 1047 4272 6537 1478 4725 6065 2065 1847 7732 7184 7004 9816 1798 6969 9529 7600 8778
1372 4676 3938 4499 2530 6338 8616 1624 6179 4829 7455 5373 7751 2508 6562 6577 6443 4598 8027 1450 7655 1688 9688 1918 4414 438 8395 547 693 4511 2164 1402 2775 9044 2338 1671 8616 489 3912 324 2617 1933 1757 1207 2987 8487 1527 6753 1256 2866 4664 3656 8334 2346 8441 1943 1030093 615 454 2180 2388 4009 2971 4227 631 1016277 558 6457 4035 4576 5596 2532 6053 7000 9128 8025 6840 6683 113 1853 7133 4258 4660 5256 7952
7150 6962 6663 7544 231 1636 5201 9199 1393 2571 1181 4115 9807 7564 5682 4813 3180 1949 4366 4176 6856 4521 5323 3476 15 682 6687 9539 4417 2680 7683 4243 9389 188 6070 1590 239 4506 99 2318 4668 7903 9024 3909 8556 9255 7080 4860 5527 1794 5852 1714 9347 8119 4581 2183 7117 2138 7197 1602 1077 314 511 64 8687 5294 1916 1326 5383 5794 6576 6361 2021 8140 4580 6659 5233 8452 3141 3209 9945 8963 1540 1059
577 1008731 959 4603 186 2231 6625 722 9158 4388 3606 623 7611 1073 7089 1817 3126 4691 1023553 1012759 738 1005772 3041 1003286 809 1012140 31 1243 4937 6137 9888 7178 443 395 4370 3030 7136 955 6578 1338 5677 7582 4974 1000711 601 6860 7309 1021327 5797 4549 3630 6370 1051 2134 2431 678 41 2536 5904 8236 9184 2075 3879 8240 9864 8545 8404 3810 2215 2685 1495 8323 3138 1020574 7377 4082 5043 2535 8361 7928 2907 8417 1392
8864 2297 6338 839 7227 5948 7712 2591 3042 7702 7777 2096 3918 8017 5541 5871 9477 8150 4038 5882 5285 604 2670 22 2998 7422 5754 1627 5659 3297 734 637 9802 6756 8041 1951 60 8104 3738 9443 7943 1218 3091 1493 9850 7870 8973 8793 9384 1238 7709 2610 5640 7092 2869 1333 5916 1637 3022 1324 4530 4062 8404 4383 3864 5811 210 9520 5043 6037 5312 3958 2032 2332 8410 1013549 5948 646 2291 8412 770 719
9706 1847 3236 3713 2636 8949 876 6221 1386 37 1587 3323 2492 9325 3617 1023 1029125 1008435 9542 1024140 2361 1005615 2296 1028285 7437 880 862 4130 6943 2415 5997 3240 6582 2129 3425 7068 2058 1424 1038 9889 1206 1024876 9847 224 9293 1024142 8447 1359 1611 878 9662 3989 6206 8646 8070 957 1653 6166 1974 8825 2999 473 7007 1785 5431 2056 5830 7549 6455 7597 4681 1023223 619 1323 8294 4932 8191 3964 5624 4892 571
4635 242 2023 5094 2659 6577 2403 1385 7687 2638 1796 229 3172 9169 7819 2199 1364 3276 1035 2539 7220 5207 4215 3840 7689 183 8639 6571 5902 3077 2637 6685 7552 396 1867 6969 318 7395 9320 4737 3787 6012 1131 864 1383 7435 1910 2302 8781 2859 2734 3951 9262 1134 1034 5629 7885 276 3563 8743 748 5550 7483 6714 5847 5202 6472 6703 2431 7986 3043 3125 8411 5688 404 2993 1354 9109 6497 1075
2475 411 575 6794 1905 6103 8184 4059 5889 3763 2941 7646 4046 5674 2494 2425 5799 5710 7047 8865 1791 5398 2317 8510 8333 9532 2522 5471 4085 9383 9733 7790 2375 7731 9046 8565 2550 3338 5880 7744 1276 8413 1040 1445 2252 1203 2605 7202 2056 2774 1360 6646 404 4569 526 8931 3162 1374 5875 5778 5328 8568 8874 6103 6775 3661 890 1990 7813 9486 3443 8615 6454 2426 1000378 5238 6574 2239 7392
9438 1026 4914 7130 1238 6727 8322 8461 204 875 6552 9880 8322 6211 2097 8582 215 6805 3007 7108 5655 759 8013 368 9141 3895 5505 35 8280 1900 6775 9377 3603 8557 460 1406 2458 8433 3528 1554 1458 3974 4672 2208 9976 5382 7754 932 2101 9191 6546 8027 3376 898 269 8024 644 7207 1628 4580 6755 2334 7923 181 7484 2257 3706 9491 9817 2408 6020 9879 668 6101 5775 2628 9003 705
8443 5402 7049 7959 9326 9464 5895 2496 2727 723 3915 4526 5201 2373 3776 6732 5611 8839 3870 8102 4918 481 5292 1990 5678 913 5282 958 6940 8091 3364 8189 2188 577 3660 8267 2363 2723 8118 727 4211 9112 6899 5124 7673 29 4918 2095 5958 1789 4403 2132 1398 8962 2249 2497 270 2315 4365 5083 3985 4878 713 6896 2132 5216 6613 2573 3712 3971 1877 5521 4200 1026783 7010 1028337 1996
724 4382 2941 1902 111 1266 5987 883 3308 8218 2931 2683 842 1007524 611 8692 7525 2868 1267 9308 8256 8364 8932 4630 6561 1466 3252 8992 1969 3282 3565 1554 356 4366 7472 4265 5062 2723 4139 916 5687 8726 7043 8159 665 7679 2510 7118 4359 1341 495 8796 4968 9145 999 5110 404 2575 6746 5537 4774 9755 1021345 2307 6915 2928 3102 8992 9770 6511 9429 2243 6524 5158 2264 2592
6126 2759 8579 1287 9196 6266 5754 4636 9105 805 9728 2181 9204 7819 8042 372 1013 3780 9507 5110 5577 588 3697 1611 9234 285 9223 7110 1730 4129 2476 1463 3441 2306 9452 4727 9646 8549 9134 2148 5218 2968 9974 542 4923 2279 1164 689 71 1557 8716 628 3615 328 7871 5537 1399 8406 9259 6502 2083 6415 6310 8140 3467 3643 8592 9702 7106 7718 1938 2843 9108 8568 8353
7464 7775 5194 1048 3264 7043 7062 773 8261 3788 990 7922 4844 1616 4080 871 2907 1022772 6953 6078 2806 4 4631 7831 9979 8467 227 221 7819 143 5551 2617 3418 1768 2732 150 2760 6130 2048 2004 6145 2650 9413 2593 418 1574 6597 2693 7549 1087 3141 3308 1839 5955 6448 9065 8063 7174 4998 3721 7754 634 6244 582 7613 1935 7990 4606 8962 4476 4345 7107 8384 7774
1062 2612 8268 8672 252 1723 7620 2572 9310 1512 8429 1633 6349 1487 2426 2166 2342 1389 6753 302 7983 2896 3529 4332 990 7000 8471 5560 7868 841 585 2226 1096 5154 2290 9415 8190 563 119 3795 8409 7882 889 4758 9366 959 1348 6169 2268 8625 8503 5202 8649 1344 7846 6038 1454 1900 4077 1343 1534 6334 5397 2862 9907 9381 1499 483 5794 3572 9711 2346 4160
8827 8187 456 3844 5106 773 5703 1711 5581 4582 7103 4969 9468 1516 5158 3262 322 8156 4584 3113 6777 3132 5866 976 1020900 4497 5963 64 4550 8100 1308 6138 2737 6106 2962 1438 2688 3684 2778 7303 553 8916 9644 8680 1949 6994 5283 2757 2499 5438 9292 8148 964 3910 4604 8549 1768 538 6279 1313 9056 2958 5855 6383 1685 1088 2218 1581 9762 9035 423 7068
2125 7787 1106 7596 3532 2705 2102 2139 7877 5769 5810 5496 4982 1051 1775 2732 487 3999 337 9324 1020 8997 1116 1096 2496 1923 7273 2551 7982 48 1000 4263 9793 8129 2712 79 4559 5809 1254 4376 2353 9655 1891 4556 6055 9378 8329 8861 1025850 6072 6142 1033 4433 1360 1546 1708 136 2524 1814 406 4606 5916 6821 767 2269 6462 9255 569 976 4970 4940
1061 3808 7182 2694 808 1471 5221 9010 3663 9257 8605 6345 8384 1656 6696 4321 5507 2631 9155 2473 4514 2488 4566 6758 3693 7482 9964 4007 1280 3253 356 6383 3481 6569 790 788 276 1350 874 6820 9098 2396 8565 1000 1098 2343 5925 3179 2246 611 5968 7756 7553 6246 8200 706 1543 2574 9857 2111 7742 3000 870 7065 2620 8643 3577 613 9529 8645
2906 5780 2982 7868 5274 3107 3278 7287 8703 5646 1372 2230 2234 8037 2749 9935 4984 6817 9751 3907 3559 7816 8794 7424 1386 2255 855 2792 8221 6784 8446 4674 6620 941 8364 255 3170 9235 1268 4576 654 1970 6493 4854 6811 9404 3869 9371 1823 9804 3445 1519 8068 8313 3821 8261 1046 8251 256 991 8060 3022 7452 822 3290 8372 5219 6127 4582
1664 1957 5130 6138 8960 8146 2301 9209 4282 3530 5969 2661 7099 7447 204 5505 8203 8286 8383 499 6837 2594 8895 3244 1526 3049 8537 5690 5172 451 194 1422 1777 6616 1006 9322 4448 1003794 4834 1293 8039 9355 9515 9106 5461 7975 1200 341 3958 2661 725 824 9124 6562 1378 7350 5297 2287 7636 8102 2227 2357 226 721 1135 5990 8786 9271
1753 3365 1933 7279 5146 2280 7088 2574 4371 3708 9429 2170 9457 3499 1057 143 8945 2250 5295 769 3046 2758 765 3540 5913 1696 6598 169 1473 9669 656 7625 3523 5411 5062 9270 3019 2089 4136 7680 2636 7487 4562 4006 452 3430 3514 5310 9460 4977 1182 1783 8126 2596 638 6524 9167 6156 7205 7036 8096 7791 7166 9224 5128 949 2133
4492 948 807 8939 6081 4553 6311 9950 146 8408 2865 6761 4686 3780 1456 4327 6558 8529 8787 5566 4776 413 3121 1929 3715 2019 1036 8934 411 8493 7922 1970 2519 5626 9305 7074 2633 8209 2412 3699 8310 8357 2753 596 2599 9881 8094 930 8079 9654 6091 9460 286 1866 8600 1006025 7718 8899 6162 6639 3500 6573 1203 6453 5280 8392
9000 2483 6464 7181 2183 4824 8570 3810 128 7652 2113 2924 8227 1944 2754 6005 9810 9066 9320 6767 6600 7805 1676 6264 7707 2097 7841 7806 2590 5606 8127 7988 1851 7479 9902 1605 639 4325 6118 1848 5333 7857 7796 165 2119 1999 9343 568 1330 8423 1340 2147 6986 6493 575 1817 6286 1651 5987 4424 8045 8670 3228 5030 8666
1028902 9546 1032640 3564 1002418 8497 1018030 3720 2276 8487 1579 6963 7712 3422 9892 2578 2707 1779 7759 7621 7761 53 670 3060 1012783 4762 5220 5992 1006867 638 5847 9725 9193 3502 6935 5366 8535 1140 1485 2258 9267 6227 3703 6878 2147 6758 6244 6027 7158 8644 2683 7761 9265 5335 1027041 9732 3036 4189 1706 1782 7870 9998 335 2461
9158 1025840 465 1020150 8556 1024599 9821 154 5560 7328 1329 2912 4817 7936 8222 7460 2616 377 4254 3590 7878 6765 5319 1001318 18 1334 9185 1022159 8568 4373 1333 1009 6903 2137 1927 8947 2042 9010 1445 8232 713 1302 272 8578 2752 6196 138 5973 7217 1384 8064 8221 6918 1032575 4539 8914 5241 9227 3986 6331 2295 6408 1858
9425 6130 3936 3808 6949 8839 5165 8782 2325 1584 4701 7372 3243 8362 7594 5409 3974 233 8650 3498 7229 8922 7812 3907 1393 9209 2405 6228 7667 1605 3874 8493 5702 8913 2591 2389 4581 6940 3439 2287 4344 3395 44 494 4275 4342 1610 7627 1011648 1000 9591 8196 7583 2874 950 4503 5402 9099 1372 4288 9230 1033
9658 1023535 2214 1011851 7116 4973 890 9090 4865 897 9513 6972 8589 8526 3203 1531 4539 2255 5258 1686 359 1016357 3177 2511 5579 1012048 1974 6613 904 4797 1012 8794 8999 1151 1884 2680 800 1585 7389 8943 7291 8187 833 3202 5862 1379 5714 8291 3334 2165 1612 1020060 1377 7670 373 9711 9340 2438 4379 1824 1744
8180 9933 2322 5026 8454 5405 6431 1203 4345 9748 7677 1989 4070 4615 8573 592 9990 7192 3893 7300 407 8063 1184 9039 2847 9691 3876 6065 3440 1971 4869 6141 8653 4306 1032 3219 6124 9555 6506 9085 8092 569 7378 9815 6937 483 9637 8546 9086 9949 2361 8090 6363 810 4027 6775 6391 5809 853 9169
231 1024646 1482 5080 8687 442 8020 9714 552 8885 6368 6710 1459 4915 4888 3976 1517 4141 5778 1018694 6116 3226 4167 1008019 7897 8294 2086 5682 3830 8641 169 7190 8162 5610 3001 3815 6242 6046 8366 4695 3 6796 7849 7845 4101 9243 726 8338 2714 1029070 7516 1506 7855 3190 3463 8982 9210 7801 4456
9432 8949 3954 3338 1014 8922 8617 8056 802 1376 2981 3598 4537 148 1695 7309 2227 9467 9704 4628 1016347 5607 6525 2667 1727 9336 2938 9153 762 1909 9933 5832 2128 6556 5517 3855 2186 2678 3499 3649 6003 6862 5575 4460 9665 1300 838 2245 6632 6493 6610 5545 2108 1613 9379 1879 7301 6615
5261 3821 2728 7779 297 3744 9380 5250 8489 6128 1834 399 630 9611 880 9271 2316 1010912 1159 1178 9257 1002983 1036 674 2738 4415 6540 2323 5510 8632 7676 1235 7111 4803 2136 476 6118 8551 8298 4656 4958 9317 8973 7069 8164 8605 5634 1023425 1389 2130 7987 4911 5297 2684 4151 226 5023
3085 1221 9506 1648 7543 6572 6837 2368 347 4130 1063 9627 3444 7499 2653 9476 9030 2205 5703 332 3361 1969 7940 5137 8203 5933 6730 613 1804 8960 2694 7329 923 77 6801 9529 7754 8140 9780 7377 686 6205 5245 6368 4449 8799 5378 5220 4555 784 7797 7447 4974 4789 5225 2833
1009505 8668 6580 7405 1936 7184 3878 448 2673 4926 2489 4199 6778 6341 7449 7105 8034 8211 8901 7966 5957 1054 8295 597 2700 6319 3953 2060 7372 8806 408 8979 7325 7754 741 1186 4734 6512 601 4869 8904 4398 5025 2324 2192 1104 1019 1752 8288 5114 9784 3819 6888 1855 2355
8176 1185 2770 7712 1107 4547 9163 5176 1169 2168 4333 1204 5243 7456 1669 5176 5239 22 3317 1970 7272 7170 5554 2691 2911 3793 9771 286 9410 7298 9227 6766 7452 9714 4753 8957 996 8859 5278 5010 7763 3752 7438 6298 4480 7420 5050 2010 5902 2260 557 6596 6793 490
2630 2921 4637 1643 4622 2974 7992 75 1003 65 2081 4440 3699 510 6984 2732 5301 8109 5743 1015 1220 4526 8810 316 4390 8232 5363 7226 2876 1278 9185 991 1235 8724 2378 2616 5531 5056 6135 5404 3748 740 8183 3497 4466 7067 406 1422 8889 9234 1791 9340 2185
1801 1456 9127 2320 1994 1821 1281 1027692 3033 7752 344 3472 7068 4047 6703 2409 8381 6486 4603 1 2142 6039 1471 5956 6269 7607 3018 1665 1400 2282 3326 1955 1442 8954 2437 1281 2471 404 9999 6467 1820 4644 5823 4022 9787 8947 5879 8593 2205 9469 9057 1023801
4808 5624 6624 3266 2092 1009 3974 3527 4184 7753 9559 44 5874 8385 9965 9681 8167 3169 2638 6858 3936 2559 7531 5229 8662 1614 5802 7003 7655 1589 215 5155 5834 1074 4742 8308 4223 3582 811 337 9882 5667 8302 5546 7697 139 425 4664 7540 9099 7668
568 1389 4736 1172 6477 2040 5209 4111 5679 8804 7125 659 1112 8874 6222 2519 881 8687 1606 5650 6696 7349 3184 9035 5445 6918 7923 6432 2109 2835 4106 8315 2727 8058 496 9746 3117 6518 5354 4894 549 1596 3669 7502 4688 7539 1827 8637 371 1683
1903 7905 1476 3698 1625 454 1847 8186 5982 3434 4938 2863 1031 8714 8045 9695 9702 7389 2006 2491 4604 1455 7124 3846 4894 6225 4867 1995 41 991 2352 9588 4611 5362 9517 2600 2004 471 1974 8020 1878 6943 6501 9149 2409 4985 6355 4997 9994
5533 1505 8605 2436 3546 8806 1850 2247 675 7673 8971 1008248 1157 6449 7881 3178 1404 7162 7680 2268 6214 2636 8653 3714 5304 4423 2552 2168 2464 5377 1764 5092 1210 404 4533 2492 2903 6881 2705 488 6459 2329 5146 761 5462 7406 2219 1594
6710 9493 1889 4518 1259 1295 5884 2906 2459 5064 6646 9469 166 2415 3507 4797 9821 71 970 5339 7710 2222 6451 458 323 9564 6529 515 3916 3390 130 7165 3098 3092 9204 3324 5630 4999 1226 4183 7953 6288 1567 4862 4629 2661 7307
1148 8524 5076 5172 6777 5368 8053 3303 8004 4610 4378 4615 5679 8510 6619 2085 7738 6911 512 1856 4645 1336 1454 8063 48 1395 4694 8477 8598 532 3658 5955 7801 8384 5953 7117 1231 6955 1021 5350 5054 6192 2203 4693 1348 4917
2731 428 4474 5629 8577 3102 6905 9599 715 7186 1854 2455 2851 4021 7850 7308 6375 1348 6189 530 3048 570 5588 1072 7360 6551 6848 5845 1047 3074 6778 791 4183 6609 1844 4028 79 7222 2689 8092 2421 1259 8727 4710 7599
1409 1188 835 3060 8326 1055 1688 4367 326 8129 7232 8420 1043 9171 8873 3813 9863 5385 3005 4087 553 2096 5252 2081 2287 1508 936 6869 5891 341 6265 4514 2105 7947 6210 9385 832 7687 5884 495 4967 2364 6929 1005138
369 8350 1716 3215 5116 8586 7647 675 1295 9094 5277 2080 1858 2570 4233 9475 8562 5216 823 7908 1365 7783 7745 3374 2987 7454 5508 6911 8565 7663 877 4642 714 9562 5342 699 3752 884 1717 8994 5273 6175 143
148 3286 6476 3305 8007 8623 9646 7687 3597 9932 1121 3433 8170 6318 6731 5786 4441 1753 4162 698 8107 2902 222 1855 3682 3412 7551 9736 286 799 8290 1490 4021 484 1825 4382 2584 8371 7705 6227 3364 5110
2544 8784 2038 1457 742 4773 1571 3419 619 8306 7367 5164 2130 3423 1084 5527 9716 7134 9837 1898 8168 3791 8475 4547 3073 3986 1216 4742 5080 1410 3266 2460 5260 4688 5594 9214 8024 3357 1062 3474 2724
3756 6604 373 3790 7815 560 9786 3738 6865 6360 3394 4615 7116 7021 4204 7141 4012 4261 6543 2468 3804 8095 1334 478 5087 7342 7803 2120 8025 4410 87 5860 4624 5123 6040 859 2861 4040 9668 7369
23 5383 4126 1024217 1602 9141 5367 7876 6644 2736 2758 6644 1272 5843 3803 797 2071 8138 80 2654 8099 7383 753 2340 6630 7348 9854 1232 1995 1029418 6910 826 5226 321 3735 6870 2986 8585 507
8822 4978 7241 7012 2160 7280 4309 1268 5745 9710 3957 6310 2562 2962 6180 153 4171 3013 2823 1374 1653 4247 559 7040 1252 4769 5248 4804 8548 2602 7842 5889 2147 4094 727 7569 5184 6427
1727 6152 83 8526 8665 8629 8093 366 6811 7831 4753 695 675 337 3875 5947 5598 3841 4415 7395 8282 7326 3005 9084 2600 3264 8020 5520 6804 100 1357 5074 6135 3600 1658 1022 2940
6580 502 8127 8482 8818 7182 3043 6226 5583 1265 4557 4177 4890 1316 3834 968 396 7305 6662 1122 8177 5232 7232 8662 4918 7934 715 6006 851 9086 6150 887 7115 2662 6894 1906
3634 7019 946 6074 1663 9431 2071 1903 8786 2650 1261 1666 8823 1822 706 9338 7195 7808 1958 150 2510 9948 911 1316 7866 1019608 2078 3426 4596 5219 5681 6531 2128 5679 3434
244 2234 2830 1616 5887 9618 7737 1604 2159 983 4710 5575 7446 7911 5627 8874 1932 9701 5742 6054 6312 8397 158 3422 7668 5253 6600 801 3308 2404 5347 4292 8343 2823
1003693 9151 1978 801 1129 4935 3817 6499 2968 5069 4383 6172 9337 8068 2559 1009027 6972 7673 1212 4451 7371 4014 2006 2726 4074 6935 1927 3589 1293 3752 637 7439 3100
7934 4760 5704 6003 6078 358 5795 4141 1980 3357 1619 5442 7149 1241 1027663 5838 9054 7734 4597 2036 9670 5489 832 8227 8825 3578 300 9559 8495 9740 6425 7139
9588 320 2558 766 6305 8927 2241 3548 3004 3543 4916 2911 171 6768 1889 7853 1854 6335 2890 9107 7118 5051 9722 1011882 4048 2654 6480 4809 7183 7854 7534
7979 1337 6252 6780 5219 8873 7948 9378 2589 2133 87 4982 407 7640 7517 931 9072 8866 3439 9947 1535 606 7212 8029 2247 1317 587 4330 8633 4930
7833 5925 5563 4933 6114 5882 1624 7948 4805 9857 3208 1727 2403 7298 5218 9274 5288 5882 1631 1873 2510 9103 5360 5294 6382 7953 8771 1103 7544
1538 5089 6062 4885 1399 1452 6033 2203 1010095 6407 5219 929 3732 3430 1442 1412 63 2633 1243 1465 8017 2675 6562 2979 3023 4623 8327 2088
7405 2517 7781 9663 5119 9625 4125 9340 3932 9444 7587 3855 6212 2920 6054 1178 8467 6286 2070 4002 8038 3795 1697 8088 478 962 8687
1000248 9858 7523 3295 1010673 1023402 4021 257 4582 7578 151 1016342 6644 2603 9422 8148 838 9280 1442 2270 4454 6167 889 8931 8565 4238
7848 8006 1244 1013817 1030263 9599 9523 1553 9188 5776 1004674 3135 971 8570 1446 2442 1509 4688 7367 6669 1807 6332 7192 2604 1949
7665 5854 6344 2429 8482 9460 8240 1025328 8449 446 3227 7655 714 3677 1076 6139 7792 6211 8437 3296 56 5367 9799 9930
7589 4427 2793 5873 9124 5692 8815 5809 5257 7290 3149 1109 4473 8088 5108 932 1594 326 4075 3532 6279 2622 6882
2895 585 9755 5780 4235 419 5729 2459 1343 7148 5865 6744 5899 6338 3387 498 2390 1741 5793 8143 3206 1793
1016281 8161 4588 1385 2332 835 1001597 8912 7773 6756 5368 9073 7668 9043 341 5427 7883 9788 4139 2989 7608
1 9477 5088 525 2333 1026917 3028 9053 4757 8314 9859 2911 48 7614 9286 1335 920 8867 1292 980
3969 3631 162 4660 9514 4245 6448 5919 9410 8102 5648 7938 381 7512 3620 8858 1719 7078 2552
1572 2136 3800 6454 5586 8904 1028 3209 9025 3620 7365 1700 1129 5586 2987 5507 564 354
3587 7682 8195 9974 2713 7645 7485 8644 4219 248 1641 7080 7487 9120 8511 223 5880
4961 650 3890 5 282 512 5631 731 8478 8613 4159 7364 4908 5868 2131 2087
3393 1808 6688 1610 5180 7538 189 1590 6114 868 6170 9690 9060 7382 211
5778 6062 7646 5189 9417 1313 493 8289 7613 5571 7024 1567 387 149
5108 5588 6778 8981 9822 4711 8131 1973 6201 9520 3233 5196 4497
9458 2158 2380 816 9628 799 1008804 8695 6778 1065 9094 3248
7569 9972 9755 4225 5178 910 2230 6244 574 5235 4374
6804 1300 5308 2656 5002 9622 2229 9837 297 8443
292 8304 3799 3409 1559 5067 3581 888 6444
8401 2017 9623 8615 639 4050 3385 880
4135 9587 9880 8347 7869 8828 9198
7564 1078 5053 7047 3274 6909
3700 1179 6419 8040 1969
3898 6448 6794 1896
777 1031211 2155
8551 5244
6590

