100 100
3241 5569
6534 2369
7247 7875
8213 1637
6448 4347
6468 6254
1457 3863
1707 6429
3658 6251
9330 453
6853 2204
3943 3599
451 8149
6173 393
1927 6357
5559 5714
3913 8799
1649 6560
5588 2537
2168 4219
7193 8493
8893 9743
6762 1372
294 5310
7968 7846
3005 5851
8373 706
8671 4880
666 2525
9326 4681
4242 9475
6943 4583
4117 3991
5165 2030
494 6337
4196 9223
1390 7946
1719 4062
3143 6450
554 9557
2786 219
5801 3824
4217 6716
4511 5847
2525 8302
4463 135
9089 7570
8431 6001
3949 4281
8488 7689
2045 2331
6696 2905
4639 6625
9968 5388
8072 4955
5670 4451
9088 27
7364 4227
7169 7751
6503 9044
8860 6507
3969 8404
8341 3796
5976 9842
1746 1734
4100 9811
5791 1687
8357 2337
2349 1154
9674 2663
1534 2614
2603 4454
9674 1284
2752 500
7374 6933
3400 5191
8856 4897
163 1198
6700 6648
9240 5913
2066 1181
640 7308
9990 6582
6985 1135
8294 6398
516 241
5464 9747
1896 3025
4705 7881
7148 3507
2143 9012
3009 6961
8112 9218
6374 7399
6984 1791
7825 9622
7711 222
2285 3682
9249 2775
1270 9956
4394 3957 1819 1790 1705 1931 1940 3340 1884 789 16863 19971 110 1543 3093 4184 2040 16712 174 5697 2607 6101 2800 845 106 5099 8418 1383 2982 1601 6342 2554 279 32596 4277 521 2434 2293 398 331 1789 3312 2025 1370 4696 2214 10430 839 1317 5345 1581 415 445 1693 822 4068 8630 524 127 1134 2833 217 1770 267 3297 709 674 1614 3676 510 911 2731 608 963 2071 1030 1105 8882 5068 9879 3814 1333 2962 2998 2670 1733 1848 1386 200000 3840 1141 2369 22425 200000 600 3938 4466 8713 1660 3295
4604 2903 1773 253 1485 585 1822 566 1174 197 8444 6967 646 706 194 8605 3409 22812 1963 279 1428 471 10338 1371 788 8880 8205 2196 807 3939 5604 2033 179 21015 4396 2192 3521 1679 7012 592 325 7225 694 2011 503 3369 4802 1878 3156 3616 2310 4410 286 2287 577 2520 6848 1030 973 933 1377 2797 2600 1305 1575 922 1330 2012 1174 2332 2124 2442 1127 840 1848 2608 2773 492 4595 7499 2362 442 717 5652 2419 2696 1785 2389 114099 1708 10003 2377 29525 106902 2519 1520 5065 350 2011 2680
1566 4470 539 95 2173 115 1236 2279 1079 282 174693 9653 275 1582 286 2335 1151 160476 3434 1437 1366 1438 10668 1264 1379 186021 8425 14 2675 962 2380 2919 2490 13432 66 1588 2236 1712 2448 672 699 2486 2085 286 2188 2981 2096 3753 1115 1007 2014 3784 4327 1019 2742 1579 4496 2640 2173 1284 312 445 3503 213 2338 1683 157 495 944 3012 7640 2009 749 1537 1896 2056 2710 2685 261 8374 3767 2515 2479 3449 2086 199 204 799 1383 3187 10211 2738 17387 910 933 2713 8225 1325 476 4446
4463 3489 1887 441 2323 582 563 3056 1706 927 105471 14813 3155 1699 6670 3309 4845 99344 1359 873 1589 4324 2330 1733 322 106483 1674 478 3547 294 6526 845 619 14274 6104 1175 1087 993 3894 2 369 4227 1197 1471 2009 1121 10942 975 1174 204 2533 2574 3767 1780 374 4598 11330 3635 372 1354 1088 2651 2905 2359 2235 250 1370 698 272 406 7901 325 926 218 269 1264 280 1100 4439 8826 9473 1214 4253 6722 158 2684 644 272 535 4395 3225 1876 7159 1195 1349 347 8431 7920 831 3161
5602 1485 1734 617 271 237 617 92 300 1006 394 1195 5285 1399 5990 6833 3441 168 3043 757 197 19 11489 829 1221 120 6955 37 2299 1519 5467 4619 1461 118683 2502 2674 3607 2779 4982 1704 1158 6080 1169 354 523 364 7182 2754 189 3255 3567 4358 5035 1563 1798 1201 8526 985 301 1160 3264 1143 35 1457 1674 1212 582 315 1083 2541 4104 2491 2129 2042 1327 943 1299 5847 5727 3805 3504 1147 3320 2412 965 933 1872 2431 332 3658 11257 257 123504 1425 2051 2538 3761 4147 1930 223
8223 3557 1541 343 526 756 1465 18 1058 2271 1121 26587 3096 401 4565 7805 6739 1685 1711 3135 1933 2640 3932 1742 858 498 898 1234 5919 833 4248 4128 1512 99892 2461 2219 5430 2665 5449 1607 797 7345 1471 1962 5153 241 6493 905 1087 4982 371 1028 2675 833 1406 3256 104 315 1240 94 1333 745 118 2357 844 1335 669 471 2378 1800 3015 1002 929 1497 1448 447 3636 925 3503 7638 1810 1919 1525 5769 1408 1077 167 732 1971 1366 7293 3011 110590 377 144 2359 3338 3239 803 3004
934 3139 838 2303 1128 688 862 3161 2029 1729 1824 120814 538 410 5455 6597 1673 1687 28 4193 1293 5430 3326 1226 571 441 8150 1354 1590 1397 2342 4326 2896 334 656 1433 4199 1297 1800 90 1301 884 1557 355 4421 1015 5511 593 399 1722 2064 1036 4057 427 705 1186 5812 5275 996 2071 1342 350 714 166 3147 1325 2139 866 3046 2114 2998 544 514 482 1078 145 413 3915 6201 5298 8598 2654 1979 6994 2870 1362 672 2430 1083 3481 10828 542 1646 773 2159 2092 1554 5604 1245 1643
4275 4211 1721 2563 2256 2320 1915 4584 19 1881 114 109310 5399 825 5568 9959 5113 338 181 5540 916 8941 4501 1197 1382 1270 2944 1478 5505 204 4876 965 1569 670 4331 2554 401 2704 3672 2087 2007 5770 1978 1814 5288 1971 6984 593 1134 3326 814 2030 976 1246 1077 3723 3667 4451 582 1917 1278 2123 1679 2279 572 465 1432 102 3019 1015 7444 2215 1232 1163 2190 1217 1349 9246 1389 2615 7489 2952 285 1928 29 3127 407 1627 75 3773 5845 1704 909 307 311 1367 980 2976 1912 3456
6741 4044 416 2751 1987 2004 1014 4597 1276 2236 1165 1457 1238 1372 5251 9587 342 1600 1912 5438 75 3618 1802 1679 781 1917 1149 1229 2426 3276 5391 1558 2215 1996 5838 156 1865 2509 691 2982 1221 122 179 1128 746 2265 4212 3475 2410 5476 4519 5896 3178 493 1411 440 9941 4006 419 2243 1193 473 140 542 820 33 1135 685 2332 1324 7661 1153 2461 1150 618 2822 355 9303 4494 8743 7225 2768 273 4647 2261 2041 1125 939 1260 3980 7068 1137 69 933 2019 2661 7878 1100 1233 1969
6966 5397 2009 1384 2533 2085 2355 3287 242 2196 986 666 5094 1368 5732 3734 748 1548 1325 6236 2411 394 7236 2198 755 1212 1680 159 4339 1817 6457 4956 604 1779 1541 975 2181 2862 46 1497 1774 991 1291 1024 431 1799 6300 42 2866 2358 3803 37 3219 1890 2572 4598 4718 3505 758 2129 48 121 3041 1724 863 2410 705 2021 2196 2359 2811 991 1037 91 89 1828 641 9907 5689 9764 3195 161 1797 1530 4709 1107 192 116 600 2992 2863 1462 372 651 1847 2695 4424 4958 1274 2826
2246 2263 2132 205 1265 1675 1845 77 458 389 442 592 2735 999 1142 34 2494 1642 1656 2307 1337 2588 4792 876 578 773 8773 1263 1923 2017 966 3840 754 1363 5528 497 6136 2274 9 2056 1658 2434 1564 254 3913 2058 6188 1349 1749 3861 2445 31 830 5 1670 4343 12340 5737 1644 544 1312 373 1883 3079 3233 2250 612 1683 462 2258 947 1832 1331 1198 1655 2751 1555 3047 6186 431 759 1570 4366 5662 2964 1980 1632 1436 141 4251 6897 3349 1415 164 1726 2149 1593 6544 84 780
2295 3653 694 2372 2039 355 1851 3000 1015 2047 86 822 3624 434 5651 3531 255 80 1532 2990 1629 1863 1638 1872 779 465 3549 1008 4747 4797 6128 4666 245 833 6432 2360 1374 2760 1537 764 2061 2779 167 488 2876 1979 3240 3003 290 1062 1276 4702 3800 940 786 3629 9776 3196 1000 542 306 1391 1578 23 1071 2672 2620 1308 1610 2574 276 393 270 703 109 447 21 3818 3512 11202 1824 2753 753 7431 2018 561 1944 2183 340 1961 5702 209 1275 1341 1739 339 1201 2183 1018 1628
183 2398 984 1337 2172 1254 1734 957 275 242 187 539 2756 1000 5935 8850 2912 429 3605 1777 1940 9360 4094 144 1108 26 1102 47 1740 5897 2850 5139 589 560 6420 1272 671 2394 1193 2340 1541 3049 1180 606 3062 1144 2207 2079 408 1177 3169 4519 438 1356 364 2223 6421 4931 742 17 2785 2749 594 193 751 554 1536 940 782 1653 901 284 1930 845 399 592 2360 2897 6133 1287 11 13 2538 1409 2870 3121 1178 976 859 1078 9080 920 1387 377 1265 2171 4837 9115 716 2542
5490 3898 208 915 2132 521 2397 1396 1700 218 578 475 536 1585 2097 8833 387 389 3528 5706 119 2436 1708 1691 665 1138 6681 831 4750 6258 1981 470 2600 1114 5312 2179 6130 311 7346 1283 600 801 2150 388 3851 857 8820 1918 1923 468 4215 5305 2023 161 447 4140 8677 4765 936 1600 3035 15 2988 1411 3486 1533 408 1602 2752 1894 545 469 567 1695 2028 1275 33 8178 2293 829 4707 2685 3310 1445 1888 186 1509 1356 532 2801 6891 582 1253 1618 2182 1914 5297 4259 373 2043
2569 3754 1194 2773 1691 2 1225 1481 948 0 305 373 1301 120 4504 1411 2209 45 785 405 1077 1051 129346 2103 2075 1427 1582 1422 4856 2586 7197 3441 775 1016 903 1275 30 1207 6407 3228 419 760 182 1455 5028 1652 7639 3095 1231 4636 1148 496 1232 427 1375 484 5115 2352 353 484 191 951 657 2326 3529 204 1222 1891 2305 1602 3505 1460 2582 1043 190 879 4006 10469 2467 2421 1582 1090 4337 4339 5284 2157 1702 1153 937 404 6330 833 1110 641 1593 899 6921 10044 1133 2191
7271 2573 1303 679 1549 2183 747 2470 1825 65 1263 195 3179 858 714 1009 5392 216 1890 1068 381 8271 108299 1910 1721 1497 885 43 907 3976 6649 296 428 1878 1103 1639 5591 1407 7022 1014 792 6070 1272 965 5169 560 9037 624 842 117 3812 4375 41 277 1344 35 93599 2329 907 1522 1257 616 1458 3310 1297 2301 673 447 3244 599 5828 2427 1790 873 1501 154 2615 3371 174 7246 485 2694 1297 2762 5580 1483 285 2769 938 595 95366 2590 705 1252 2102 3403 3093 9302 1528 1584
2497 150 1712 1021 1428 255 500 3011 658 2028 2018 879 3728 217 5999 2010 13 318 657 6291 1325 4028 808 1923 1282 710 4145 2018 3583 703 373 2748 2507 447 5228 2477 5760 2563 6649 1001 722 7091 2011 1618 3986 1019 6654 132 1956 1597 352 6393 2573 1646 1243 175 102224 4512 281 640 2760 2764 3114 1720 2761 1264 667 1706 1435 2578 4530 25 301 1662 2192 1514 2068 3090 3500 104143 9502 1377 4237 6827 321 2276 885 1094 568 701 106942 1019 245 1911 2261 527 6344 4720 1936 3932
3876 5206 1036 690 2124 305 512 4164 1122 12 1292 265 5420 1374 7230 2993 6650 812 35 2663 27 1511 1735 1329 1095 1361 4006 1297 3839 2898 3802 3942 271 1070 5379 1297 3933 1482 3913 531 1045 3099 1563 406 3103 560 91263 815 2402 3529 1057 5550 4497 1087 1533 1605 2042 1483 1752 2095 1092 2516 214 2497 3478 1269 162 1286 370 2335 6119 2381 471 1987 630 3067 2603 112828 3310 104588 1907 1771 4065 585 469 908 1689 1321 381 2494 485 2276 571 1928 886 2150 156 9370 670 4600
2144 2301 558 1257 2148 1571 245 780 1095 684 1172 1670 1530 238 5 108381 7309 1161 200 6161 2148 5247 1275 345 425 1540 4240 609 1861 1102 5220 2972 2341 1646 1927 798 2508 2587 4084 2449 1567 4260 926 1631 4362 1198 108763 2898 16 70 2711 4898 3887 1728 1669 146 2008 4505 980 2256 2553 2534 2422 892 546 2277 1637 835 764 1593 1465 1872 1937 782 1654 2728 2537 96194 657 791 817 54 1934 3040 4991 811 1194 1901 1345 2543 965 2321 1637 1083 2297 4204 2822 104131 980 4127
1338 1658 1214 2244 981 1478 1681 3984 667 995 1023 69 2859 1699 263 105196 4668 1370 2929 1812 1543 130269 487 1930 818 480 7900 1676 3956 1905 1357 951 1474 1338 2752 438 1481 1867 6094 2882 110 6397 744 2655 3530 3434 787 3845 232 5465 654 2287 1397 617 1187 399 212 599 1865 1966 543 2825 3102 1056 2265 1637 2109 1758 891 2248 798 178 1192 596 1133 2309 4155 1550 88 197 9310 2174 422 5498 5232 864 748 1225 1179 3802 652 839 592 1885 834 2351 1657 105819 2031 2946
7820 4574 1158 1716 857 1033 48 1441 458 2072 906 353 3341 1897 5423 754 3376 1263 3405 865 2139 111613 1547 2331 930 1186 108639 992 5539 3141 5370 3847 2890 281 857 1288 6149 2229 6557 2491 350 624 304 1165 2220 2712 1750 1481 312 170 557 5163 964 1141 2078 4277 635 5212 1727 1363 1422 593 2714 1506 1129 467 1833 778 2401 2760 6097 2482 1437 1414 114 2512 1067 776 2859 281 117859 471 2059 2173 3434 1918 1181 1138 560 3515 82 3321 175 950 1432 3425 4534 424 1420 4614
2076 5424 423 1999 29 1874 999 1801 236 247 1366 1057 5094 1455 4252 2295 1162 1635 2564 5523 2058 928 1823 1666 224 1338 99074 1156 5769 1639 3576 3630 2611 1862 3545 2574 2249 482 2959 2589 1538 4925 2221 785 2842 1486 1201 541 1310 4825 2236 2667 3509 948 2571 1804 866 576 1612 2425 1813 602 995 1149 2711 1503 127 64 2206 2082 2948 1532 1983 1840 1883 1554 607 456 3562 2266 108720 582 491 303 652 3247 220 171 58 1136 1424 2280 1973 1227 385 2947 7299 787 103 1391
1368 3287 573 1772 1524 165 1472 2595 585 1307 1046 1599 719 144 5339 297 2281 1084 1892 2979 1240 1890 1406 45 336 162 1859 1246 3992 1779 2178 1917 1420 998 5206 2376 5072 1035 4814 245 927 6893 2593 1501 4867 612 522 2275 1488 1588 3578 3250 1843 2143 123 2689 699 139 1123 1927 2571 635 1288 2636 364 109 1806 46 2903 1807 1080 571 1978 1436 2087 1907 1404 2328 6294 688 1414 2754 4313 7386 4297 550 2149 2318 1215 3789 2104 3276 556 702 647 2893 106124 43 1983 1500
111059 3882 778 1267 391 1847 1180 2896 1828 1287 992 1842 4557 1489 575 957 2924 979 1579 3760 2337 1915 1241 2106 1799 281 600 716 5487 3413 1103 5177 2378 1718 242 1347 671 2845 6206 1752 1668 112376 1856 1944 1068 1003 699 1969 2085 3287 4016 4141 724 2173 1155 4262 614 3455 2264 990 673 2708 2952 1692 191 1733 1965 1374 3513 2046 4392 1813 1461 1504 1018 1541 1988 2035 1952 2351 1496 2940 2159 4288 619 1335 872 688 1909 4286 454 2202 1759 501 2023 2405 110817 65 791 3085
107669 207 1205 677 1637 1250 1378 3382 2141 2246 937 521 1629 1249 108067 2124 1295 1096 3495 2146 973 1729 751 504 1911 775 1283 1148 4384 1336 6510 350 1706 836 5463 2224 3349 1083 104818 249 237 102361 1401 1387 1264 3083 410 279 1225 2228 2627 5528 2076 352 1610 3292 320 5138 1633 8 3056 726 1871 3013 2820 1019 774 660 3165 2635 113960 858 2440 186 1966 801 1269 895 6365 1749 248 1652 1602 104751 4130 2513 2072 923 676 982 1290 105 848 1725 1766 1365 1267 669 1956 1976
1003 861 941 2134 1034 1570 1048 2739 309 1876 1120 1334 2173 1126 101287 651 2085 1124 149 1147 438 76 1804 1995 565 321 1730 1905 494 6345 7090 4332 261 1973 2439 1524 6007 2705 97783 2317 1197 847 91 2032 4842 3423 2205 1150 1174 4134 1116 4288 4037 1461 494 2622 916 3457 604 235 2528 1220 2979 1141 2263 2489 2029 1145 471 3007 94594 1571 1414 1831 319 3069 2371 2219 6018 1876 493 1127 2979 106429 1609 452 94 2258 39 3112 1265 1431 1959 235 1527 1343 228 2376 81 4578
877 4024 384 1105 1149 231 2609 3670 254 489 696 300 6354 1132 1221 1842 125087 1245 3066 3947 1197 445 1335 94 1763 1316 1336 1752 1798 3835 88017 3071 235 1166 5215 934 1045 1607 1856 822 2057 576 2121 2358 1789 3246 222 72 182 2685 3653 2988 2977 1729 2330 2410 1008 4979 666 1525 517 802 2096 516 872 1338 77 810 182 75 1664 2666 2638 1705 1845 1202 1456 629 317 151 2311 2329 2839 364 1457 2418 1419 2549 732 2805 610 2116 867 1940 245 919 1269 1965 1291 1171
538 726 103 31 1580 1282 846 1119 1682 397 1133 444 2166 774 676 1573 96142 124 2335 132 165 1900 2162 1473 1106 1920 2377 1841 108286 4695 100317 4364 2745 135 2275 1639 1768 2440 568 2903 1939 723 1232 1223 1547 967 16 900 2659 1991 2824 4510 379 1210 1155 3887 274 1715 1283 1776 1195 2835 1146 1348 2827 146 2429 1052 2077 1180 23 1847 151 1535 1667 468 2904 1247 3197 1479 214 499 3837 170 4192 1111 1382 1061 272 3715 2064 1413 1660 779 2140 1715 1191 2380 1728 3252
1939 5409 689 1217 698 1945 1755 1191 1481 888 1838 511 5286 422 295 1157 1579 1286 642 2238 1813 1440 688 97 627 1077 20 1292 100860 5964 1596 488 274 1199 3467 676 2087 2555 2145 2555 2021 1651 1166 475 1015 3493 178 632 271 1094 4550 103341 86 2008 1467 4575 2334 1393 1455 2112 1553 2352 7 1825 2763 1815 32 730 103 232 1962 679 263 1977 982 983 3402 1819 1877 531 1806 692 2898 1713 5094 130 1893 1530 332 1679 1764 1585 140 1776 1364 1221 880 930 1003 4029
1923 2064 2147 955 47 523 1529 1903 2333 1989 1574 1586 116177 1432 2450 833 998 1840 3075 112498 1197 969 1114 2330 873 1006 1113 1503 975 1803 149 5033 2549 751 98135 42 5582 550 1937 99 966 40 1764 442 2364 2971 1440 1394 14 1139 1879 106224 3317 2182 1647 3648 688 1317 993 1675 1627 359 77 1072 757 2555 1300 1806 1045 1988 1969 1239 223 1168 1048 202 1495 732 97873 1581 2011 419 144 538 2449 1908 1232 704 973 709 29 1131 1899 1748 180 2726 1440 2154 912 1876
1933 5534 1144 1106 2150 566 905 3338 1610 667 1376 1342 110530 501 40 664 2488 907 1168 101681 1143 1217 1428 1330 1968 1280 609 1452 1811 118069 1268 1369 3042 4 112317 2673 3256 463 2116 1713 1481 2364 1346 778 3035 1700 1790 270 424 3481 1113 1656 1745 371 816 1836 1260 1773 825 78 2357 143 3182 3009 2808 437 1277 1743 3394 2255 1648 1826 2393 1004 1258 2264 2035 1559 99202 1233 2078 1236 1455 2093 5828 1865 1306 2379 240 693 1029 810 1749 366 83 1704 1287 683 1114 4028
545 1184 362 1171 906 1800 1127 225 842 175 631 638 2450 998 2417 793 694 1917 2860 818 1348 784 1012 2131 1181 210 1745 265 1492 102411 1995 4852 3050 171 131 1354 102190 191 2425 2266 2020 385 460 2473 4122 51 1184 982 1604 3010 846 903 1463 1472 282 183 1059 2968 90 120 562 512 471 2254 1780 2050 1052 1688 670 2710 1151 2688 297 1538 1053 2152 482 766 385 376 1501 2335 4072 59 4413 997 986 1025 146 1269 1941 2798 1492 94 358 3355 269 1624 864 1435
707 3988 930 541 27 1151 195 622 1411 2243 1244 164 96 912 1438 1659 481 1584 838 1810 1900 633 1521 1860 860 590 935 1491 1020 756 168 1748 1607 76 1575 2125 91352 1755 72 2046 1242 2580 2184 2107 4502 424 254 1958 3146 3131 4796 76 1843 2408 724 766 1255 1668 330 1930 1660 15 911 3207 80 1824 2042 372 2549 1110 1783 332 915 1871 1340 3276 552 962 1415 1816 1633 650 3566 811 280 1747 1077 2576 1547 1299 31 1918 1329 511 679 2851 1072 1997 989 4406
1578 694 1977 99 2330 686 403 2727 223 200 972 1231 1780 1057 1702 1272 2272 656 1317 694 723 1635 877 182 1156 876 2369 185 1520 493 1637 710 2174 1330 692 1080 1676 2191 528 2774 305 204 508 1379 5028 161 1079 372 1575 4043 1633 1080 3601 1539 3 1449 335 105435 302 752 903 2552 793 452 913 1303 2095 426 2760 1861 834 452 2203 130 2088 2002 2571 2204 586 2105 1939 390 34 1340 110354 477 1128 449 1025 637 1 335 446 397 1328 1304 2008 164 906 3826
2434 4633 756 722 1351 1022 2283 772 1462 259 25 679 50 78 2585 2010 2695 482 579 432 439 110 1727 1381 1438 424 1498 297 67 1643 1979 1244 498 1752 2579 1075 1344 2486 300 2427 806 758 2143 1727 1538 1826 1400 834 1837 2755 1548 1664 655 672 358 1249 173 100827 503 874 371 2229 2693 795 3550 2300 1797 2083 835 1089 89 2206 1022 545 86 2496 2525 1348 2542 1665 1322 670 1813 2116 103828 1491 432 960 1291 1039 26 5 555 692 273 1076 953 1716 1077 195
2073 89003 1283 1554 1581 1300 1690 159 1438 1872 1578 84 2231 1447 1859 1469 1012 1626 3492 765 445 1401 744 1337 1458 2016 999 43 673 2055 2000 3426 2931 583 1170 2609 2451 993 1789 1294 1260 1763 854 1172 93119 2777 1355 1545 2476 107166 2890 250 1456 1984 2755 4494 2291 333 969 189 2709 2676 204 2955 1420 1091 20 146 558 1664 1594 974 2629 281 1640 48 3944 1534 2791 1675 713 1702 3055 2047 1513 2169 1375 1663 1726 227 2120 2321 1111 552 2094 2999 395 1572 1278 4149
589 119575 921 9 2021 1294 1485 2569 1584 1324 1073 1070 1751 659 1219 1788 1843 1116 1666 1432 221 64 438 1226 375 1154 866 409 1516 1217 156 2738 468 734 814 390 2649 1013 1947 122 2123 2379 504 1175 111455 1593 645 3282 743 105982 2729 369 1311 500 1361 4445 332 1386 2081 41 114 788 1232 3152 858 176 2451 2062 2163 660 2589 73 1668 598 1136 1816 1466 2395 1599 594 2311 1548 2957 1296 2687 978 1119 2109 197 3726 287 1003 1668 1600 1328 4033 519 1278 1750 342
992 568 1488 2670 2531 645 753 1700 1387 2398 419 806 1050 1955 2374 1390 2603 90 1878 2228 1581 692 795 1167 7 120 97 286 614 2395 405 94336 1538 188 1347 917 124 1869 566 288 1930 597 124 379 822 1118 1138 2809 75 1617 112994 2556 3388 832 988 1200 1088 62 612 1751 824 2769 3461 7 1422 2501 137 20 787 2769 506 2127 2269 393 1227 2360 3675 2128 1696 565 267 854 1358 566 149 2420 2070 1416 28 2008 373 2628 1489 1456 742 642 18 199 1088 2523
476 580 665 1580 1995 40 1719 4647 901 286 499 1772 857 189 59 2101 1071 1328 1154 1352 157 549 744 1683 1619 624 2420 328 1642 2823 1915 111014 1259 1042 1977 640 883 833 1910 1168 578 1325 1412 1625 2565 1463 1732 264 561 1636 102425 2579 115943 1018 296 3612 1513 799 392 1891 1268 1210 3028 3295 1471 1029 1239 910 480 522 1139 1524 1147 1319 1524 1116 3232 2403 1709 1837 1200 501 3924 1884 105 2521 856 453 835 184 485 2195 394 170 2321 2926 1029 795 547 1647
436 2106 1704 2095 1679 738 2420 884 950 2407 935 1647 1722 332 2335 2147 1759 1261 1383 960 1281 553 1605 462 1252 296 722 406 2635 806 1195 3133 2753 1313 1257 1709 838 223 248 1086 174 2300 2060 2641 1483 3520 745 807 2617 2551 2892 2043 112384 142 1174 119 641 228 423 2458 2291 192 2915 3439 3162 594 193 1128 2214 1580 540 2751 1874 1183 1666 2418 786 274 1446 1394 2398 2149 206 2152 783 659 1010 1440 1645 2604 2317 2912 1284 1883 2083 4101 279 2014 1252 2375
1444 119 553 879 1737 1849 435 3082 1658 1969 600 1973 1198 1854 598 652 2037 1803 124 1522 137 444 951 2030 1376 1548 1151 312 789 1424 140 232 1925 1902 2701 1276 13 2415 1972 1068 556 1467 1999 492 1475 2383 1912 2245 1582 1860 2590 2447 3032 1688 2312 2566 1921 2462 634 159 1279 325 2283 632 2224 804 1158 369 3195 1083 2148 564 541 981 1161 2657 3189 1355 333 1088 409 1699 3430 250 2643 3242 1960 1165 751 2351 10 3279 1284 217 1536 2392 2511 1492 327 2788
767 2606 265 2620 277 2179 1632 995 2311 2110 1841 1905 2103 1232 403 1559 1912 1062 1777 1789 1556 470 1718 1544 17 132 364 1595 52 1728 2563 2381 1814 336 1593 2202 2097 1840 2099 1596 843 610 1643 1249 1404 2261 77 2200 933 2199 2837 160 840 620 1765 4534 1480 2691 1184 1744 416 271 256 1683 1760 1354 220 591 387 1646 1948 2026 2533 113 1132 1962 2597 221 723 818 2066 2266 3105 1442 2756 1894 238 956 1851 534 260 808 1082 219 2093 1168 1710 290 270 1279
467 1838 98 51 578 1978 791 109243 1142 1386 1516 84 346 1599 414 1163 1773 605 1921 1957 2669 1275 1101 1322 651 870 76 2177 1346 2266 208 956 1300 944 1250 1638 218 2338 1063 2394 1345 1862 1500 1426 522 2467 706 130 2678 1711 2286 2366 202 1886 1414 95733 130 2308 1788 778 1318 1587 3165 3265 2132 1543 1353 1961 124 1722 793 640 734 245 750 1292 997 106 64 1891 2380 2881 1285 2185 478 2140 1288 763 911 4149 282 3385 2058 1604 1641 2100 2123 68 995 90459
383 638 1924 393 663 725 828 101373 546 1432 827 316 488 1143 2614 820 2162 733 2833 1090 2648 2109 808 856 371 2021 1404 1257 117 1165 2631 2095 2653 899 1165 351 2385 1102 709 2794 1943 435 1541 1035 119 568 1528 3380 2920 2689 3 1967 1427 182 1107 109542 1588 595 1519 1142 1206 2485 834 1388 1944 1000 81 1997 3597 2953 1266 1314 1923 1483 155 912 3425 1701 174 872 157 28 259 684 1540 2386 1764 205 639 3252 1306 1394 1255 1211 896 381 453 2220 2084 99854
1667 931 290 2716 447 423 1760 2228 1568 41 1229 1167 1229 470 1044 779 1552 610 2709 987 1941 653 366 895 1752 716 2440 1224 478 1395 1755 2981 146 1441 1928 848 2015 2151 586 2625 1004 2270 2141 1276 2799 2359 631 2838 148 3051 1807 254 1534 1904 1191 2534 112 659 1140 1797 1113 2138 365 881 1253 2018 118 1071 105 1430 2374 2355 2 851 1799 1561 114047 411 1587 1303 305 1517 99311 1280 1616 1840 836 213 678 97290 1121 1139 288 1842 2515 3963 537 2365 183 2079
1438 703 484 2766 115 1022 136 2107 114 368 1725 69 1827 861 812 1325 760 712 2517 52 1939 23 914 258 161 1949 257 1167 111 1349 1155 821 643 965 1750 1609 2153 742 608 475 908 1681 313 1818 862 161 2347 3321 616 130 1078 2146 1513 1613 1826 2847 885 1095 88 718 158 972 2020 691 1208 2153 2235 682 770 726 171 1921 1214 1412 732 2227 83073 2328 107 76 2092 2535 98206 2140 2711 2030 511 2739 183 108080 10 719 440 1782 963 1709 2468 229 963 2902
93 571 1611 625 824 2258 1852 782 28 1023 375 237 770 1128 1083 346 1250 498 2726 1390 1835 294 251 366 1686 1195 1295 1088 1087 2712 134 426 514 1306 2717 107 2440 1205 2404 3562 2121 433 2505 716 1131 2286 2408 846 2600 2089 2148 748 836 1909 2414 264 2300 2233 808 2237 1167 1913 3201 304 1777 2648 575 334 126 2177 1353 2564 2523 1101 67 3101 3460 894 2522 890 1544 2404 144 1493 2862 360 330 1771 1140 1703 1504 1312 1214 1051 1701 100000 300 542 1341 3270
2323 2340 1749 535 2644 1912 669 3186 1391 2081 336 327 750 1168 1011 2382 1354 605 3246 740 80 69 2016 1771 1188 536 1369 212 718 509 2474 1252 807 2008 2014 2084 2890 174 1750 1745 856 1360 103 1987 2951 1009 1281 1558 1417 2147 629 2664 368 996 741 618 1999 245 948 2080 970 2464 1488 890 2934 1808 628 925 2797 2224 784 667 1157 116 1705 486 358 1288 1527 174 354 311 1181 1130 521 3127 549 2494 611 3259 1736 1117 508 1821 42 106867 250 2328 1592 1314
2026 487 133 2530 2155 1299 592 823 47 55 335 1202 251 771 1916 2384 592 427 3282 576 1682 574 543 980 845 1135 860 1940 145 2678 2664 2381 1667 1067 841 2496 2170 2756 752 2425 1055 2467 1059 401 2290 2563 483 402 2568 1996 2428 705 2266 1275 1929 867 1616 2551 458 790 1178 419 2332 640 1729 2472 984 185 3359 1939 601 1261 1921 1718 214 593 2884 1116 595 1962 694 1309 2044 191 2215 2873 788 767 67 1462 2211 989 14 971 1267 3676 1826 2356 1647 3226
1471 702 164 1223 1439 112 1369 2541 185 506 1947 1276 1302 1220 956 2291 2056 1809 57 1119 1214 1976 2096 955 705 1458 1902 100 2561 1868 1924 1844 2150 1773 2732 734 2227 2770 309 2851 1822 298 2306 972 2047 2218 1787 2492 1459 2061 1456 742 1913 500 1940 927 2340 176 1094 1180 145 2961 2517 833 629 400 786 404 1653 203 158 1177 1810 347 1733 855 3393 1775 1616 536 2287 1704 2664 400 2919 708 1728 381 407 632 1567 3184 246 759 1494 2823 1522 126 1634 387
521 2418 1776 1834 2190 543 289 2348 1837 2357 684 304 758 1882 864 330 2674 940 1358 2588 592 435 45 1583 463 1897 1715 1054 2465 53 2248 1368 1981 1359 1289 798 1310 2599 1906 2226 1212 2367 409 150 444 112295 2081 1599 1421 837 3162 2407 1810 67 1898 304 1394 2537 1640 1488 2487 2418 820 348 2488 2041 1908 520 1930 1836 154 181 315 1303 232 267 2632 426 919 818 1219 1333 2286 547 461 808 1217 1015 1453 1590 182 1772 1678 1360 1714 2342 74 964 353 2244
2233 2000 920 1371 1169 1700 1743 1645 152 1859 882 1072 495 805 906 1724 2342 807 648 1413 370 967 1772 1258 1535 1038 1804 1560 1593 2085 2611 997 2537 1940 2322 2698 1756 1926 1668 2296 2058 1473 1593 1888 302 119902 2204 119608 2153 2315 459 1841 1758 467 1276 2067 181 2330 2097 111 468 361 2293 322 2650 2617 1920 1568 112746 1645 1204 630 2115 1422 1949 230 838 824 2491 2098 283 924 3466 1589 1227 2716 1473 1436 693 2376 878 1126 1279 221 1188 1040 1252 1065 762 1210
1056 1451 1176 2374 2140 101 1746 2067 1584 439 1218 281 163 692 1050 998 2399 1203 3526 407 2249 1284 2320 1664 1105 100 363 802 1738 2836 219 2688 420 2008 2438 2254 2164 2088 1948 113625 787 51 2114 1106 1459 2262 2345 111929 2679 2427 518 136 2921 1485 2421 2464 262 687 1083 878 2912 2885 2080 1543 946 102 1843 280 101051 2769 2046 2682 2125 1377 724 3072 1288 477 87 314 18 415 2706 1618 748 1630 669 930 350 1723 1038 82 1633 634 232 2702 1627 146 864 3303
1898 736 2037 176 933 1518 2508 952 781 2317 988 1796 2655 136 1943 89 2207 1274 745 1006 2429 1660 129 1175 1591 1958 1557 1644 1667 1399 598 290 327 13 2735 1644 2409 1461 2573 101683 630 561 1419 913 876 661 1426 1032 2801 2027 332 2730 3095 511 882 1617 1028 1569 739 0 1770 32 1886 1104 3136 1972 980 660 2274 2305 1979 2595 2421 79 795 2005 2799 864 2712 472 1027 1906 908 1183 1857 1920 1280 2596 1045 3353 1380 1292 2076 898 2435 94 1049 924 185 2556
619 1503 679 121 1328 1166 429 536 1608 2282 432 445 920 1595 1222 1423 35 1129 102047 1783 1718 2039 453 473 1242 38 1755 596 783 1644 111 553 338 382 1816 800 2655 2499 720 3788 1845 1854 2463 2082 1071 216 1086 3294 930 94 649 981 180 838 1439 1723 1526 1063 837 1911 523 2528 2182 3506 99247 503 449 1204 3758 2390 1841 15 682 1001 1741 1623 510 775 1028 265 661 1087 3415 938 932 1260 1890 400 225 3357 500 394 69 512 1318 2144 336 1108 1726 2140
581 535 1311 2063 210 2101 505 1480 895 2275 477 600 468 895 173 840 17 747 118369 2468 657 1443 1616 1424 1704 1852 1339 1506 1835 2757 2229 46 1835 1070 2018 873 1177 673 481 2344 531 2031 1937 2049 2072 604 1497 802 197 2423 2325 771 2332 1905 1792 1781 558 407 382 32 2773 2309 890 2838 108787 1263 2010 2045 1938 1203 2125 2684 1168 238 1685 1147 1775 1414 483 1837 1043 2801 3276 116 542 2297 1810 1634 648 677 2128 3369 749 1958 457 321 2096 30 2067 3317
539 2424 1656 136 257 149 105 613 1234 565 581 482 727 773 2215 1132 2294 1789 3611 1906 2070 1463 42 1271 210 1288 2432 1404 1468 671 2375 2815 2044 1810 95 1485 640 720 759 2350 577 1829 2525 729 131 3960 461 1891 763 499 2310 116 1382 616 2079 2995 1100 379 1703 1381 1176 751 101858 111493 1466 1417 2433 352 2565 1243 2588 1527 1201 639 566 1497 694 182 976 637 30 3114 1777 1356 2660 497 1636 1750 896 3158 2039 2640 1336 1848 2215 3400 1542 439 98 2744
2296 1340 1270 1793 878 394 30 1831 2244 914 1019 784 2648 1150 1130 665 960 1976 914 1273 2241 1557 1919 237 79 488 1280 140 903 143 1183 1901 1000 1585 1419 1134 2739 2504 1059 2709 1481 1437 734 1664 1994 285 164 3894 3016 2666 869 855 215 657 2424 498 379 1360 440 462 1611 2345 114780 117185 3071 1048 2507 473 528 214 2497 2592 858 1880 21 175 35 1740 1438 795 1352 918 283 1420 2379 742 1432 562 63 141 2123 2176 288 309 1708 2581 398 1658 368 2143
147 1381 1422 1772 1469 682 1665 164 619 171 647 634 1066 654 1670 898 2244 906 63 2113 899 1671 14 1707 719 1032 2443 1195 1434 2132 335 936 2773 1887 147 1147 1369 292 2456 2391 980 2226 1575 1729 0 2644 1904 1138 464 242 1710 637 175 480 1762 1699 104 2699 755 1757 3068 2984 1432 3987 2488 721 865 1049 607 2415 1448 789 801 2007 1474 1290 790 444 2786 2228 1004 1004 1036 676 1684 542 1983 2474 1056 1564 178 101627 243 952 826 1637 1633 1284 1207 714
1644 625 1435 1207 1152 2023 1346 3141 2252 1663 517 2021 1764 10 1943 1668 811 1506 2056 1988 207 2262 436 1679 1125 17 2016 957 2582 407 2232 1054 481 1501 899 2567 371 1673 1662 337 1737 2255 657 700 302 109 25 23 671 432 351 1722 1173 2004 930 2347 1259 1259 1130 240 1644 147 1869 3731 254 903 828 1035 3468 668 2151 333 2354 99 1395 108785 1689 2388 959 1651 654 2809 3223 41 712 104776 783 1417 1829 929 2276 108985 628 62 1095 2525 599 821 836 1212
378 1313 1702 704 901 1547 505 1313 970 187 1249 1802 1429 1372 1870 911 675 367 2323 1364 1412 953 2298 1679 1548 565 602 593 2233 2485 1490 2602 665 1083 1925 1498 714 1342 1136 281 1165 2082 2065 2681 1573 2389 1148 315 1132 1334 2602 369 2076 1647 39 1420 594 1207 1821 1695 112702 1434 2881 634 129 989 2351 1243 2431 1353 1129 753 438 666 360 118321 1701 437 1309 2080 1829 527 2062 329 987 97112 1888 2630 317 1175 2076 4254 239 940 2095 2621 1167 238 1955 587
8 54 1232 196 701 1629 1836 2154 2064 525 1515 1042 409 1724 1980 112 1042 406 1158 2249 1342 2000 251 102 154 1136 550 1757 2289 802 1012 30 1746 1374 1082 1030 624 778 1188 1248 34 1296 2300 2290 2726 1621 58 3465 2167 1323 1301 2734 2673 313 1468 455 631 2894 1233 2 116133 1475 1949 1343 73 19 384 552 3138 1105 1134 490 484 1306 59 2047 2725 1910 1876 1219 1758 2552 1403 645 262 776 1924 1140 1551 1230 1228 1493 999 1171 1235 2964 1011 554 351 1121
1355 1363 518 1656 1441 961 1681 712 1332 291 1287 1301 2614 1625 737 2118 974 1913 124 1457 387 1650 1370 954 782 777 951 704 1874 2353 2023 2316 2454 148 2655 543 2489 2162 2270 3664 674 1912 1102 2590 207 2717 1871 2067 113011 238 1555 626 127 968 951 101 1832 223 1759 2352 2732 1573 4111 3576 3419 742 1679 2075 1120 133 485 1893 1185 105 985 1780 2534 818 295 1201 1498 741 230 343 1282 2362 600 2413 1405 1137 1582 3084 1690 411 1484 458 1950 249 753 2295
221 1457 510 4 1449 413 2161 3385 373 1353 1558 1505 404 1111 32 1416 523 280 2598 533 1560 2451 491 983 2011 363 2058 657 2302 1987 1419 360 105583 318 1496 961 1030 1053 1616 2257 1048 458 10 529 2320 1505 1482 1834 101686 489 2617 2554 2024 762 795 1656 631 2398 1445 1774 3237 109506 562 1215 1923 823 2631 58 3889 2018 1840 1970 886 273 2030 960 2533 891 249 837 236 104429 3006 2181 620 4255 942 228 322 2879 725 3362 1935 1232 957 1628 653 818 1334 1938
2332 2 2193 571 1096 1505 1606 3297 1815 1027 1092 1535 2633 469 744 2025 1146 1867 278 1731 1944 1800 352 2218 2060 966 224 1928 1905 1501 198 1919 104505 942 1441 1977 912 2367 432 1639 593 1447 1692 1264 1677 3502 434 1228 4683 1003 2346 758 1951 1222 2282 3375 19 2495 1683 2243 1130 109767 2545 3692 143 1150 732 154 1714 150 1654 203 1521 822 1941 1088 1482 986 2703 615 1645 114989 1025 2386 129 512 226 134 593 1456 2249 2040 815 1751 78 3488 2135 1697 445 1141
2374 1350 1199 2049 1907 1377 1994 1016 877 2429 2037 2025 1132 351 1606 1801 340 479 1686 410 1871 1049 1756 929 2057 1684 2399 265 1100 650 370 2756 873 1354 469 1304 2484 1944 134 4112 1066 1153 2568 1402 1740 1804 364 2660 4473 618 481 1532 934 2337 2340 2913 2295 1138 1555 639 474 1089 1147 3571 648 1607 970 1908 3722 91671 180 837 2023 1852 256 377 2908 237 1754 26 102 233 978 815 2323 1090 138 2558 477 2300 597 4209 72 94 183 2582 331 1549 867 2836
2007 1052 1940 2769 1834 680 2074 783 1094 624 1543 1750 45 1221 1427 2138 771 621 3234 2083 1583 2401 735 166 540 1022 1961 628 2096 173 2577 1232 1281 912 510 1889 1833 125 2327 129 138 1806 2355 712 81 3189 280 964 176 80 978 2388 608 410 1706 2421 1871 1094 2183 783 2709 3220 2960 175 292 1718 875 576 2798 125733 911 2156 1424 1740 845 2194 2496 70 1094 1490 1572 96 2394 1753 2839 3180 677 814 1539 1843 2138 1545 1760 1522 548 3079 2055 2031 1103 847
2443 1485 881 2431 1850 421 959 2358 2031 2079 1149 1063 2208 5 1560 1255 2266 1426 519 592 1593 2304 1903 104 582 461 1577 549 396 1025 1027 1636 3402 1303 1766 1347 2459 572 727 3136 984 2030 1586 844 1483 1184 977 585 1199 323 2421 2002 2138 1175 2640 1591 2254 2152 605 65 3583 471 2844 520 3823 373 1397 455 3077 1752 1734 1720 1343 1633 1447 4185 896 1857 972 1018 1657 3364 2201 1115 680 644 80 713 1574 1855 1691 2539 1593 1166 2035 2708 1307 934 722 687
1526 2885 763 267 1514 929 158 37 875 139 1893 1681 148 79 230 790 742 746 630 2718 1250 645 263 2323 345 1654 1294 332 1270 2266 1997 2671 1427 626 2036 2334 614 85836 183 1098 2112 1417 2012 397 1815 540 261 3025 367 3028 1597 2288 1792 1354 1183 2850 634 1396 981 353 4479 214 68 3057 2123 124 1677 1960 3414 5651 154 2085 147 184 390 1845 3471 793 715 1134 1947 886 2904 633 2384 3113 186 167 1194 965 872 3462 218 1410 761 289 696 689 2017 584
684 326 1223 2491 1903 184 1711 2668 2174 1440 112 1523 641 470 1125 1866 1191 500 2721 2719 558 1412 1717 171 21 1053 1964 127 106 555 2688 2059 4458 1322 682 2241 1259 105775 424 2497 1191 1621 2189 315 234 2850 1182 186 1922 321 3156 634 135 367 2588 2158 1323 516 656 56 550 804 3988 35 920 2580 2026 1968 2366 288 1462 2459 2137 674 2162 419 3112 901 2639 97 2223 5041 518 1060 499 4547 491 2671 1682 397 1346 630 2072 1098 2035 1719 2270 34 1496 48
2262 1467 1375 882 780 1445 1552 1650 686 433 1528 1790 78 1954 2548 1066 1156 939 3391 141 1476 170 844 1356 304 410 2037 2174 556 1004 1795 597 93 2024 88 776 2623 2246 311 1747 1062 632 124 946 594 3020 1069 3626 1856 144 1751 1267 1878 574 2671 2770 859 2207 362 1538 2903 1150 2169 1716 2782 349 822 1559 141 2350 1863 1266 606 1907 1348 2680 3133 2149 2480 2290 450 1892 2137 1969 501 2424 1327 104519 817 1050 2213 266 1499 995 2519 1134 2411 214 226 626
457 512 1079 108342 2639 747 744 1489 884 1458 126 1681 1882 1602 626 1677 1199 900 2764 483 768 2011 1039 91 621 1375 529 852 2644 2671 1019 1465 1245 697 392 458 1904 5968 2463 3510 992 1370 99712 110639 1695 2251 1352 783 4074 2240 1053 2244 1018 2186 99306 1520 210 1900 1677 757 2692 11 3075 1701 1514 1565 2050 1803 2821 291 2619 98216 212 1985 2079 4323 1293 831 2417 2183 268 4700 2768 2094 810 4006 763 105429 844 1779 1195 309 1133 118 1769 928 1418 1434 177 1220
1768 5 861 108725 1121 32 1120 1796 2311 1866 617 5 76 1057 2330 2357 882 1700 77 1713 1552 737 1645 503 1154 1354 949 200 844 469 68 1264 4093 2021 2106 1296 2581 2394 2239 1810 716 1158 97488 119375 2033 1993 1143 124 4464 329 1087 746 1158 64 96934 338 1652 1203 1954 2072 1923 4407 43 3938 1474 106390 2502 224 750 43 982 104343 2044 1460 1262 4469 1764 1160 1391 1865 2101 3440 1829 1134 59 2891 864 225 1303 2781 1820 84 139 69 184 1602 442 899 400 606
123 2559 1350 4597 2367 676 1472 744 443 1799 369 362 1763 1437 362 26 1362 709 404 2119 105435 68 2103 429 361 1700 2034 2131 718 242 156 1977 4240 1583 656 94686 1688 4064 285 2048 761 1866 2711 5748 666 110 787 2370 4413 2310 2918 2680 960 1827 1822 3330 2281 2024 2008 1150 1937 3323 1148 437 1858 107427 1955 1850 2841 401 1342 4252 102664 1809 1743 1190 2958 1467 2535 1243 931 189 1829 2078 2116 219 1687 78 1585 1412 941 1100 424 1984 1002 2954 764 926 643 1232
641 1340 645 2364 96459 1470 516 195 118 33 1754 915 2505 1354 2567 402 1972 119 3001 1589 118596 692 796 1070 1430 72 620 1420 1239 1990 926 1683 3525 744 444 102725 2067 2318 610 2086 287 489 3602 2347 1362 2097 953 914 2965 839 781 1851 2049 217 5397 1573 2346 2849 1218 2200 2420 979 3468 1009 1318 970 107554 2145 2085 504 1201 5451 102710 1159 1169 2178 3337 1737 1947 1599 1028 659 3200 2147 242 3007 1548 5686 1063 3543 2315 3716 663 1526 1156 64 1821 1848 1664 2205
1743 1361 1661 743 131260 1669 107111 160 437 402 111 1460 1858 1403 497 1652 2036 1214 536 1102 3389 1554 1968 846 417 1950 1417 1829 2324 761 1894 1557 3580 278 868 3905 1715 23 1833 3139 1984 66 4909 182 103 2853 1754 1465 1173 2094 290 591 537 1736 1590 445 28 2070 720 1895 3163 3100 2390 409 3930 779 113293 1769 17 3525 2133 6360 2644 1761 231 3699 3501 2368 2778 639 2387 3189 21 2309 1758 265 915 3459 295 348 507 1532 55 1668 1689 313 1909 1081 807 1056
2291 1684 294 6260 7157 686 114347 3234 534 1538 1076 191 452 1942 417 711 2658 50 1609 135 5750 402 432 822 1892 1372 580 2203 2449 1762 633 1586 1703 1420 469 6357 2169 5821 2163 3953 576 1521 4150 1234 1808 864 178 3919 4179 1436 188 1821 440 1226 2788 779 2296 2051 1363 742 595 714 502 3707 4325 5008 7040 1523 1723 4652 1812 5488 5904 1269 1765 3450 3456 2362 1528 79 347 4312 836 654 297 1310 1213 4721 1471 153 1567 4478 562 1002 988 2090 2177 137 360 238
2534 2452 1078 4659 5008 557 52 2663 1876 760 454 1407 299 243 1435 12 1051 1411 3782 2495 3111 1126 262 1142 283 1025 445 544 1846 15 1036 2457 438 1835 631 6004 2828 2431 2483 1898 1129 703 4349 1475 2029 2173 1217 2010 4735 256 1548 1337 98 2026 6109 2262 1426 459 82 894 994 673 2987 485 3323 3203 2807 1311 504 3403 1643 3953 1326 908 603 2471 3272 1757 573 613 439 2554 1983 2012 1029 4174 658 2945 114 2713 840 4278 4 657 2358 2864 5 363 1742 3023
1120 239 986 736 679 612 1638 2429 2153 272 826 1395 805 1890 696 357 1142 1932 2111 289 511 630 2280 769 560 1744 2150 1739 1553 851 1668 1034 2397 79 290 1368 1378 360 132 2771 1696 1394 4055 4456 376 1928 1731 2083 4059 2166 174 1771 400 833 4520 2480 1450 1919 1263 714 1358 952 1819 2175 50 5765 2188 710 788 3449 898 3877 7166 464 701 851 2566 1839 258 832 1428 5048 2365 2234 2707 1046 1678 3616 1846 3139 239 212 564 115 95773 1252 481 2259 419 850
867 237 1083 6889 2683 895 3618 3272 561 574 1029 579 2264 419 1755 553 1392 800 4080 2765 3764 537 1455 399 1615 1702 243 105 1408 807 253 2759 3546 1509 1821 3280 63 1266 1212 1721 962 688 3546 3873 734 562 515 579 129 1090 23 1890 2642 1828 1030 669 1632 777 764 1551 4097 2321 2344 4210 2774 1688 5699 1533 2065 1013 2538 6608 7209 596 1976 2301 3315 1732 2723 1471 2477 254 3310 2153 2766 1233 1402 138 1221 991 329 3955 477 377 120701 1632 1884 1968 469 2563
1257 2151 739 3326 1802 1314 3427 955 926 185 172 1450 1101 459 100 1818 521 1303 3557 127 4632 596 87 2089 315 1649 864 80 375 766 2450 40 1323 932 551 281 845 5072 1471 1398 1596 1713 4664 478 2407 2530 2292 1465 2805 2123 1594 1334 330 1059 1963 1296 1748 1881 1470 105535 773 3998 859 1354 2711 5336 4132 261 281 4068 2548 2138 4170 1038 1682 1158 2941 1879 227 2367 41 5125 3078 770 1627 4587 1660 5457 1877 3138 1738 1564 458 658 7196 2083 342 2183 326 735
458 2531 81 1988 577 2119 7536 1016 761 109950 1870 331 2548 528 2392 155 1295 1605 875 2744 2322 1101 576 922 865 357 688 1219 2086 1447 658 2021 2785 1522 2371 6092 1039 2758 1541 1285 626 2320 4972 1598 2597 3004 2325 263 110 1395 2811 555 356 2271 2159 1479 2004 1932 2252 135759 3293 4026 1336 1227 3402 387 682 1769 4003 4200 434 4428 4924 32 1039 1659 1566 690 1003 516 17 2947 861 1869 1853 4648 1819 2045 606 686 1048 309 231 76 4151 2542 489 1823 440 2914
1322 396 1375 2018 2278 1531 5258 1394 1576 132180 738 652 223 1974 1328 1521 996 1008 3667 719 1172 184 1784 805 820 217 440 1783 365 1244 1587 1096 5297 124 691 3309 1279 5155 2187 2208 307 211 2200 3158 2119 93 2378 337 618 1137 2236 2437 1640 104235 4582 1573 2045 2875 1718 1315 4117 2452 2788 3094 2915 6102 6530 538 4054 1975 1347 5827 6301 492 2151 3125 2355 2132 1773 743 2017 706 1578 1253 1062 4297 24 6564 195 2816 1816 3536 443 1680 5089 1791 2283 1763 743 1045
1283 2264 448 2070 2387 1711 2342 1182 167 6417 1022 1172 174 1948 1958 41 2390 1027 2868 55 2439 2431 137 795 1068 629 2038 1557 2028 27 342 2865 3409 53 1995 1588 745 2434 277 2654 743 307 6842 1337 1388 734 768 3573 5134 2432 3049 1278 3035 104615 1434 481 900 56 1964 7603 875 2506 4160 2365 29 2410 37 884 3067 4940 552 4556 1951 970 1061 130 1558 853 2630 1525 1837 363 2872 1184 1978 42 174 5093 1478 3442 364 1950 836 1467 1538 354 853 1391 889 569
615 143 1251 4836 4311 1466 900 952 107121 2864 1859 1700 2556 1015 74 952 908 484 1416 2338 5911 1399 75 101278 785 965 201 189 2203 690 1920 485 2784 279 320 6695 644 3393 178 1192 572 1919 3265 4989 968 539 354 520 10 1435 104 1077 791 9342 5030 1807 2297 790 1306 7753 968 2045 2361 2965 788 1947 7210 2077 525 193 787 3411 2683 151 1231 15 2915 751 2322 1794 250 1987 3173 1814 2027 3498 2115 914 683 1860 934 643 2062 326 1729 1423 2534 538 669 2427
350 2718 2135 4391 6800 107426 2822 2832 130453 1445 588 456 2190 1606 2561 2031 817 633 1130 2410 1807 818 107 131782 1997 1109 2295 849 1538 880 1589 301 518 1667 475 4204 1356 2497 1361 3481 114 2240 6387 5914 1613 728 1872 1093 3601 2621 722 301 1040 799 3588 2250 209 2075 463 2908 113 4509 760 680 2090 3579 931 345 2879 839 1814 808 82 1477 724 711 3075 1130 2393 919 2304 548 550 398 2469 1056 454 2183 1490 1107 1748 4645 1799 802 2793 2781 725 1252 1799 3431
706 2748 1624 5794 50 128614 6813 373 1741 6264 1473 876 2388 1294 522 109 1825 1251 2274 807 4146 197 2252 3270 906 97 410 1328 2681 2462 610 588 2465 1300 651 5941 1951 3285 2493 638 302 2321 3676 724 2215 152 464 2950 2038 1995 398 969 2869 8057 5095 1420 1010 913 1737 611 1010 3627 2837 3349 3308 1925 5307 354 1057 4249 1336 4370 3098 1146 2185 1692 2049 1693 498 1941 1568 378 186 1210 505 3195 1469 3160 668 1774 1209 1505 86 842 1580 49 1228 1666 335 2849
190 1264 2119 2086 4493 3118 3253 3157 837 1123 1975 169 961 983 2234 104 911 1154 2116 2086 1255 376 872 343 883 1265 2076 863 504 232 589 995 4366 724 680 3838 1169 2562 1187 7 990 238 1637 2290 2053 513 2076 2972 3771 1413 2982 519 1442 10380 6456 3438 1570 2203 105003 2284 4881 2565 1653 2706 238 3302 1241 1935 2175 3521 2536 2021 6669 21 96273 1510 802 764 2190 1507 170 4189 1225 1367 2941 965 652 2653 1198 2965 1867 3891 696 669 6209 3661 31 1424 381 497
1430 1602 1774 15 1332 263 6662 1575 7539 8318 1811 1495 2222 1865 458 56 755 756 93 948 3316 448 678 1263 1217 94 2454 110976 1577 1094 1834 818 1772 1286 2489 1129 1578 3007 2456 2824 1984 1289 2925 598 791 3924 2367 3111 1921 1262 3 2224 1157 6097 3751 152 666 128 126391 1524 1443 3008 1046 867 3330 5365 214 1212 1092 1138 2164 1364 5077 1726 138828 4037 955 1988 882 441 338 3017 3216 1563 2271 1365 169 5107 277 453 193 1889 106 1616 1663 2995 1156 2352 785 2398
1572 1897 99985 6023 16 10050 3191 2582 1859 1403 1843 79 1015 654 1716 820 1718 542 2064 1240 6886 1870 829 7944 1564 106 2084 94054 308 2490 1938 2563 459 2014 2684 4441 2606 4886 1131 2401 927 1304 4894 657 163 771 1961 1951 3550 1587 201 160 363 4020 3428 119 2080 2359 9918 5425 2705 4374 1632 1757 3445 3126 7156 579 1472 1550 493 6255 2698 1246 14321 268 2106 1345 2002 303 2117 3584 3421 2475 194 3349 102537 3327 1453 2694 575 105 2057 1367 5812 1611 1689 457 1800 3270
276 2563 110230 3619 7614 9196 2279 3065 5691 2506 541 246 2784 842 1557 1676 2081 1762 2415 1454 4121 2057 1808 7593 4 1169 818 12106 685 2774 2555 675 83 41 445 7347 2853 68 530 1374 497 2256 3148 4456 587 2770 43 3783 1655 2312 2231 130 3140 3880 369 801 130 2695 15153 4368 4797 2875 828 1489 1467 4762 3965 105187 891 2938 2614 4708 3871 1124 8581 1255 1960 1132 2044 637 709 3067 2330 1592 2772 3493 130715 6457 286 761 550 3953 1155 18 5412 146 1278 1075 108404 3242
1925 143 13968 2486 17 9038 4546 2944 5266 1404 198 934 521 1276 2504 1832 869 1121 2632 2648 5580 1569 1612 2635 1135 781 2305 7299 1023 1860 874 33 2707 737 779 2135 1864 3130 866 2262 108 1147 4274 6764 2541 3618 704 1837 5213 1054 2514 353 1438 7185 1921 618 1579 640 4383 4844 221 2149 3744 239 3237 4050 2116 151400 183 4071 534 121 1773 1422 3637 4644 1486 869 334 626 336 2955 1822 1734 1122 117 8808 6027 569 295 1581 252 1650 304 3772 580 2488 2054 119886 318
622 1264 13075 4246 6861 1695 7197 2687 1079 10269 399 1114 1866 1428 63 653 1828 584 869 2313 1923 2233 1185 7912 2037 1438 1790 10604 1657 943 2032 2455 3930 1282 735 5493 972 2736 2377 1670 1055 928 2945 3513 1888 170 1130 1530 153 1908 1944 1821 105 6964 6102 2992 1312 2297 2816 2282 730 4675 725 172 2478 4044 6771 3892 3662 496 1715 289 6325 685 9324 4133 1940 1821 2011 2290 679 88 714 270 1657 3719 9127 3732 1503 3513 867 666 1117 314 8988 417 730 1676 15901 1262
1865 68 14124 1980 1016 4816 3253 3133 5739 4237 851 391 262 313 2315 112 2445 1831 414 1878 975 556 1 1211 332 1343 682 11648 1555 1261 1904 2810 2987 139 2132 4978 598 4355 2510 541 99944 616 1520 6547 1691 1466 1448 591 3409 2100 230 1447 3090 9198 4695 179 1490 2284 8288 1420 3357 3008 1417 3400 3918 6841 281 2099 3741 354 624 1488 6718 1631 8832 4541 1799 821 989 1552 188 2163 2609 1768 101 4528 8871 2250 1660 870 1970 2628 263 235 962 1329 1415 2198 15184 959
1994 1143 6000 2999 3720 7850 3233 3305 3713 1137 815 1504 1608 580 1926 1580 605 1943 2133 508 2387 1691 551 7500 653 1885 245 12576 2226 2708 1183 2922 5047 126 1943 6509 2036 2357 2516 833 175530 149 3298 5520 1979 71 972 2942 1837 384 3171 0 2292 6589 4647 3293 1305 2933 2985 193 1266 2688 1688 421 2108 6921 1953 7792 3517 224 1843 5629 3368 765 1576 1182 1100 860 587 1539 988 3955 1643 2594 885 4877 2785 2673 1639 2662 1156 3574 1325 714 9089 1627 183 840 5220 1284
2036 2390 7358 1470 1259 4251 3636 808 11365 497 803 1924 2127 833 2278 187 1902 1845 2043 1621 6733 667 1482 10105 108000 112 1959 8818 1338 2121 1301 168 739 1680 155 2878 2862 1776 1479 2172 8491 919 2242 4376 2625 58 1541 2756 5016 2650 1442 991 2557 6035 3308 3386 1119 1789 11820 3908 3924 4500 2350 2758 310 3965 1613 8188 3029 486 1956 1190 784 143 1150 1159 2917 2332 1618 148 1218 2265 408 338 2298 4320 6707 2796 607 1 2129 3008 1127 185 2402 1459 1855 1890 8497 797
788 1039 5505 6692 903 6849 2215 2236 9022 7056 71 1453 1606 1252 1566 2167 1434 779 492 1179 5390 1856 879 4340 141913 1013 704 10873 2420 508 1611 270 4797 741 21 4772 2263 5239 1437 3550 1777 2068 3150 2739 2580 3998 741 3101 4914 857 2026 2641 2548 1375 3875 2185 1522 1745 2283 3894 1452 3834 2010 3843 3404 2453 2220 14462 2647 5049 2615 1185 401 100121 1200 286 2722 1540 1591 240 1658 4790 1153 346 2204 4217 9765 3936 1681 1157 81 1408 1270 1927 3528 1365 1391 1169 2075 2037
1941 468 10038 3652 1928 1788 5368 1374 3328 1049 1644 1684 2538 516 724 2314 541 1778 2262 2633 773 82 642 6131 20622 723 783 12298 1934 1435 2496 1553 3819 1172 76 188 2163 5718 1552 2429 7755 689 2177 4539 978 452 83 3527 2936 314 2754 1471 482 3477 4493 1523 1864 1430 2372 2610 4329 2813 2505 3095 3093 2116 2869 2296 994 2334 60 3376 6946 173860 5807 2796 2656 2040 2762 1526 1260 1792 1591 491 2452 1386 9905 3092 233 158 781 2605 172 762 3876 2669 1824 1619 11261 3108
725 1415 13997 2760 5161 3060 4855 1002 3950 9622 246 1973 1109 99791 2581 1314 2269 1963 1544 2416 2978 619 1731 5931 6753 1058 1126 7317 1866 2822 1758 864 5005 983 40 3038 381 3807 2266 3856 5468 2183 5520 731 1096 2699 163 2546 2081 2924 2800 2037 1706 3880 6864 524 806 1251 6749 6168 329 5219 3846 1255 2347 5200 6977 409 48 461 2103 4703 3459 25680 6262 515 1657 797 700 2246 456 314 3548 1625 2229 4016 837 4135 967 1882 224 2019 37 415 3430 1182 1273 2431 17125 3364
2186 473 5705 2576 688 9412 1559 256 8418 2209 1779 2118 2111 200000 675 873 2302 1636 3097 850 133 1447 1876 2040 30712 2007 1980 12407 1782 2047 1951 354 4902 1382 1212 1505 847 3099 2343 2879 979 254 5454 382 1889 1915 1694 947 2675 755 2657 377 2625 8107 6050 284 1131 1812 6842 5131 2308 1934 374 456 2475 1329 6768 9462 3090 3859 2497 1801 1743 460 482 4356 2770 1079 2710 2095 1872 4921 408 1038 535 4159 12480 2102 217 616 1230 4317 700 1109 80 1415 119 168 4851 3176
8297 5486 7935 1649 2256 6334 7806 9797 8254 120 1013320 30 2013 218 7412 3349 3923 9349 5117 5898 1762 7027 2342 2102 8812 7787 2556 385 1211 9842 3162 8324 8495 5396 4435 225 745 372 6955 306 745 1012192 1974 4304 6707 7849 630 1173 599 4097 5983 9827 6705 6486 3645 3046 2526 4142 7896 3224 8800 6403 1207 6820 4307 5441 9603 45 2689 3741 2413 3887 163 585 979 6822 1021546 7013 2719 9198 1133 1112 7904 1931 323 3712 893 6714 6387 6790 9687 104 2394 3781 7982 6193 3501 508 6967
411 1026672 1029954 9069 1301 9654 1004058 2246 2810 3513 1031111 9975 7354 1022237 5682 3834 4314 5568 9114 1054 4859 8869 1274 112 2665 6961 1013121 9321 2677 8965 7358 1672 1013461 4477 779 1018738 9754 248 8780 5463 323 2170 3495 9463 9248 206 1574 36 3609 8592 1355 793 1005679 1025258 1619 1899 1012611 2813 1055 2448 7255 5938 5695 1028334 4162 1012161 4543 164 8440 2562 5558 1935 248 1971 6844 4102 471 1993 8893 550 3118 2586 124 1003701 9360 1499 953 3857 15 7925 773 7049 127 317 7094 415 314 1748
7830 1788 5765 2332 7073 2436 9075 2717 2095 2044 297 6902 7918 5497 7906 1176 1668 3066 9764 8655 4275 5337 547 4546 8190 1438 708 4814 5003 229 1022549 9534 1018 3441 6587 3182 1717 9361 3355 9103 1207 5601 5517 6589 3570 8308 1406 5024 4956 3569 9973 144 2298 3468 1640 3660 1312 9158 6560 2797 3047 6791 4331 5014 7200 2955 4976 1087 4217 5643 5240 8403 7165 1246 1067 3366 8176 191 2648 3531 8284 2353 5050 1014500 4837 4224 7399 523 868 7914 8298 9986 5026 3502 7492 1958 1571
1004019 1454 7145 9477 1004764 2482 1087 1209 1017914 6635 1897 1018705 5667 7962 9297 5435 7954 6506 5381 6349 1359 9223 3591 1377 1012337 7450 7220 1075 4304 1160 1010100 9273 5552 1018524 4802 9810 3515 2897 6364 1138 8702 8357 3661 6765 8103 4811 4729 1217 1373 2303 1018793 1004233 4704 1343 1002824 8384 6755 1992 460 7043 920 1012831 6217 1017546 7866 2370 5395 9400 9232 9901 4946 3008 865 1585 6331 1371 3107 7954 2669 4231 537 1025152 8633 7762 9100 6361 2453 5688 6888 1884 786 5113 8379 65 285 6351
970 3928 5379 1009838 2564 6975 6281 1008364 9659 887 1007163 1715 5136 7753 227 1333 4766 5909 3916 848 8234 1404 7143 1013650 921 3535 8862 3182 7795 1000486 1016 6671 1024566 7814 3564 2893 4702 3197 4089 846 3428 7280 8533 3327 9189 7399 6020 403 1380 1012950 1026012 2042 9106 1014736 1366 8118 6733 5335 8776 5482 1030823 8391 1011393 8820 9753 7860 3876 2204 5687 480 5289 1277 1285 8226 5168 7444 8042 5684 4632 5879 1023556 1099 8639 2841 957 7452 2794 8731 8060 2125 1431 9188 4127 4298 3137
291 88 7114 8132 3284 7797 9105 1074 8114 5429 5942 9686 1645 6087 1464 9382 4924 6933 8860 8942 3844 178 7946 603 3385 9407 1015194 8389 6116 1524 5401 6704 6215 3293 7840 7732 7357 2162 6646 5836 4229 8828 3557 9821 1984 2725 1963 632 8488 4080 6722 8113 5828 2633 8513 5472 3769 1133 5044 792 2724 765 6186 8518 6133 6783 8750 9196 4750 7686 3513 3775 1821 307 1717 2894 8085 7899 1701 6404 1316 7259 7155 8000 4208 266 3209 1282 2595 1598 4165 7673 7337 9522
6743 2043 1688 2134 5004 9700 431 1002119 8480 2291 6882 6689 1984 9649 9749 402 3566 7299 6407 128 6312 5570 6273 8334 7227 1722 830 5019 8723 3183 3998 4940 7223 6711 1022774 619 9283 6003 5082 991 389 1007519 893 654 5132 1004877 6952 9569 510 7117 1027785 6039 1029562 145 2254 5404 8589 3677 6003 843 4104 6596 5848 1013010 1016145 689 7543 437 2409 9987 180 374 911 9869 6358 2883 3923 9564 1541 9744 8317 5626 500 807 8719 8931 1488 589 2616 2774 5594 2678 443
3998 3442 7500 2095 3650 5172 3948 7192 8650 8456 2418 86 2947 6804 2679 7564 5972 5 9655 3908 9634 622 6104 352 5953 9023 3543 8532 8908 1946 3829 3251 438 1970 8258 9256 1234 1397 5977 8422 4113 8972 7053 8017 170 2320 1810 1711 5326 1775 7503 5961 1916 783 1602 1942 1426 706 4 90 5174 7355 1759 1098 9476 4032 5677 1876 6121 209 2739 1004573 3615 8200 286 4874 2617 8481 3436 6771 2898 9852 3103 7061 6753 800 1133 5720 2384 6402 3484 9408
1709 7910 8092 1013463 3632 9638 1010693 2571 1422 8321 146 6100 9518 21 1438 9192 8410 9120 8718 1024066 4616 5715 4047 7089 7161 1005352 9922 7597 1020977 4006 3573 5904 4617 6259 2453 6274 2242 665 320 1253 59 7308 6575 7138 3764 1015723 1024835 2339 4403 1007396 4672 6899 5991 9949 4008 1523 1022124 4608 1018425 5471 7247 2663 409 128 8738 7769 320 211 9761 1939 9352 8970 2614 8699 9025 6577 1021722 8465 3656 5748 6189 1958 776 5022 3193 545 1665 8677 4898 6992 1256
3685 816 7852 4672 2698 415 4369 9639 6866 8534 1852 8660 1298 2248 581 4192 6984 5576 1583 1618 1985 864 2478 672 2940 1972 137 4546 9694 242 7487 7193 5799 4733 2462 1023120 7061 7498 9010 8050 5351 490 44 6892 4949 5321 2067 8468 143 8166 287 5755 5379 1492 2419 463 6067 5969 1530 7956 1318 8885 6566 4707 1821 8861 2325 291 9496 1033 7365 1816 2923 978 9721 1545 3932 4160 525 5174 7054 1915 2726 3642 1394 5409 734 413 1804 1175
2174 6046 356 7523 8492 4735 6511 954 6840 6800 1885 9109 9970 5201 4356 9401 4270 2354 3389 5367 1578 1789 7933 4369 623 631 1095 5918 166 7715 3999 1472 8621 5208 9218 2660 1031322 4068 2773 1114 1120 1040 1707 3014 4544 1093 8107 5814 17 3439 2993 9812 179 5490 9444 6494 4176 6459 5608 7828 20 6488 8485 322 3134 3450 5911 1232 5832 7498 1031 7334 2148 250 970 1075 8135 2077 1849 5392 4091 3929 3553 6032 6767 380 235 539 2689
7565 3359 4684 5087 7780 4772 1847 7082 3789 5739 7214 2125 8441 2621 9958 7085 6678 2818 4822 6048 432 2468 8432 4867 727 3171 2371 2807 7491 2634 1012176 2875 7541 9442 1531 5648 2336 7126 9749 2009 8088 5142 7784 5793 2778 9167 4450 4962 8652 3227 7285 7379 2598 534 4814 9826 5121 8321 5909 786 4783 8186 2196 8854 9452 1020715 9388 4079 2291 721 8388 1330 3220 624 1620 6222 6084 4902 1393 9452 7813 8237 3001 6711 4712 6901 5074 8319
640 2770 1006925 4217 9913 3185 8209 9385 7977 2400 3542 8243 5013 5487 8942 1031405 2135 5986 8907 3817 2559 1004344 9261 1634 1013576 2257 5242 2421 7069 7803 9331 2643 4123 1421 2741 403 9160 4840 1245 637 2804 1025323 1018016 4260 2031 1005030 474 2164 3868 8930 1332 13 1028868 8463 1023340 2765 1438 9757 6016 6677 2429 4223 5594 6965 8490 9244 6643 4906 9572 2344 4689 7881 1012470 7603 2803 4812 6264 7712 2703 2012 2456 4457 3785 1727 8602 1905 9575
5973 7437 5274 8834 9902 2177 6360 9760 2862 7206 1270 656 4307 1286 1335 1509 4870 3286 5728 9399 8064 8632 36 2166 1232 5253 399 8192 5210 2281 1304 9029 9025 927 4481 3178 8008 159 8096 1771 9318 4278 8131 8308 6216 2437 6671 8097 8923 4876 1786 3572 8747 5912 8794 3287 1973 8458 2957 9683 4964 122 2506 5120 7098 1804 344 2798 9004 2690 8062 7763 9956 9794 8827 1862 6497 5321 5191 4892 305 176 2393 1521 7074 111
1690 5610 9334 511 8393 4888 981 3732 5041 6382 2775 3274 4201 183 3618 1935 5802 3458 272 1618 9654 7856 341 6395 7414 8528 1003920 9899 2533 2023 7056 4629 2876 1021030 7513 1469 3037 1027479 9814 7183 3188 3705 1016049 1859 1017450 1020 9137 2528 8380 9694 1476 927 2508 3256 2893 1009042 1000310 2451 2079 3604 8326 8751 3723 8098 6792 6564 8118 9163 4352 8794 9039 8708 7675 8631 6015 1855 4325 3575 5570 1564 3772 9665 8341 4976 2117
4839 1393 1878 1134 7998 6199 8628 4884 5183 5899 543 486 1029885 5702 1969 7097 7207 4487 1026234 5678 2289 1004714 3636 1889 3774 2252 7532 1938 4449 1358 6030 8809 9813 3032 9375 9750 6088 3407 1002849 1031223 767 5130 1026147 1294 2710 1153 1575 4402 9832 1015783 9081 1023588 926 8826 892 8341 1819 4008 3078 2055 247 5653 5199 209 2425 4330 1238 3542 1067 1019936 5765 3656 9225 9517 1559 3000 186 5534 2982 6690 2515 806 1801 4247
8680 4134 5086 3643 2180 9454 6084 6977 2842 5458 4141 7843 5661 64 1330 9110 6861 9425 6344 9629 4707 959 353 301 9808 7318 4502 2753 9841 5693 3107 5247 2037 2135 3763 1658 6993 997 5822 1545 1444 7950 2288 5000 5703 498 444 9502 2520 2923 2401 1119 1175 4069 3035 5411 1423 6848 2221 1447 665 8676 5870 7858 2606 6196 5010 3546 972 997 1259 9816 4843 2177 5150 8873 3008 759 9067 4214 9442 6118 5064
8471 5787 2794 7037 6996 0 7413 1077 9996 7045 5170 2659 9801 4347 1558 7459 3299 2027 9448 8291 2292 1011416 7362 4321 1180 2304 392 1847 1959 6915 9337 6005 4859 7208 9332 1181 4630 1163 1405 3781 2920 5307 9919 2968 3548 1876 6404 8590 3277 6808 755 6974 1463 2963 7370 3633 2011 1519 8268 3128 3431 2117 3084 1030208 6293 2837 1371 2293 8179 7352 5855 3590 3107 1030516 5924 5991 2483 1026624 791 8124 5904 3465
8657 7061 727 3636 5168 1018532 7053 7316 7052 1415 3007 6270 2505 7666 4380 4348 1023160 5821 8417 8895 3507 9838 3509 3704 9977 2312 4743 681 2182 4628 6436 4423 7911 766 1006 9938 2205 2244 2057 633 4896 7675 9816 1016792 1845 2755 791 1026611 9971 6907 5338 1239 3442 2407 2678 5711 7125 4977 4910 8485 2682 7215 8498 2537 4304 6164 4130 727 3496 8537 1000073 1140 3743 1500 1128 681 3835 2089 32 6003 5331
393 8149 2186 4916 1721 4767 2272 673 1196 6786 2365 1803 8307 240 473 1874 6556 3917 8281 9770 7257 3588 7246 3793 483 1737 7290 4769 1134 7742 3172 9329 5278 2505 190 1824 1514 8454 4469 485 7873 7849 1464 3696 874 951 8557 5685 2176 6166 1697 8091 8798 1314 6095 9040 8071 2881 3858 3887 3129 1321 4734 2004 7491 1584 524 5471 1605 6324 8276 4680 6070 7565 1120 7154 1196 2752 6926 4594
7415 7589 7959 1234 4095 8635 6334 1729 5712 2250 2747 5070 1859 2073 6040 5493 2655 1169 9115 1800 9583 1026 2246 2402 6549 7381 715 1144 3327 5057 4452 5713 3594 6882 6402 3848 165 2695 5348 7903 711 6747 1435 6838 2723 8598 1180 188 3322 100 4245 1396 3585 2503 5363 1052 6998 2424 7523 6507 2941 1188 3207 9945 4496 4725 4252 2452 4566 7310 9258 4624 1139 2491 9755 5118 593 5096 1280
9200 6204 8129 9312 5019 1010596 1834 882 7358 9263 7040 6702 1490 718 3456 9535 6451 2529 2710 3851 6511 2637 8056 8454 4444 8156 4820 9891 3246 1957 1367 5133 505 7710 6992 69 5300 2608 2933 8029 7999 7658 4788 8533 4518 648 3612 1283 5414 8101 7181 7128 7360 8559 8877 6529 9244 922 2749 4683 6432 3848 1740 4107 9264 1175 2106 156 2280 459 7007 3066 8984 7886 5676 111 351 7269
5170 2268 811 7477 8162 6667 976 1027062 9318 1346 3624 9990 46 9322 7289 1073 7213 2769 2733 4096 869 5565 3406 9999 6399 5458 1808 8116 1696 1958 6692 3964 9 7810 2106 2152 430 4636 3510 649 6217 6739 8743 5607 6927 1354 8612 4520 547 1657 887 9199 7130 176 7999 3155 3519 3405 4528 674 1288 4176 8654 6358 73 1965 5322 551 2439 1090 2987 7904 7551 810 4017 2182 7288
6209 9527 8390 5639 8345 7495 7838 9490 220 5554 7936 838 2147 688 4819 2108 4758 452 1690 8442 7525 4739 9720 9094 1206 7607 7956 8593 400 2656 6586 2545 4440 7642 4658 3679 6378 2884 3829 4691 7050 208 7357 9196 7355 391 9500 8261 4048 9247 4976 2724 1553 8431 1024709 52 2512 7441 6012 7445 5549 6121 9851 2259 6183 4134 8612 6997 1020804 7335 2379 6998 4370 736 7746 2265
1742 3693 7831 3065 7510 1302 4544 6127 7082 9955 1031958 8647 4888 2738 5056 3349 6105 6903 4401 740 9461 5891 1621 5215 2638 3224 3927 4356 6540 3323 4279 1013 1221 8283 2619 9057 8495 1028594 6499 7459 3112 1006666 4833 201 1638 81 1385 72 2347 1280 3429 1517 188 1672 5596 791 4402 2878 7540 3924 4736 8793 7141 3081 1011509 6265 832 758 7173 6666 5792 1128 8451 9706 6400
945 5650 7303 4606 2517 1596 8252 3214 1799 3858 2110 225 7316 2886 722 7511 9309 3557 5377 2595 5099 8761 1838 1903 830 7134 4007 5152 1606 2339 8475 6650 7398 9395 5804 4871 2886 7141 1684 8036 3544 3856 3548 4045 141 8083 3899 2298 8873 1652 5948 4682 4836 7864 7459 6655 2226 1555 9281 3385 3430 1056 630 2504 1458 8770 9927 5644 8978 1004 2624 800 2394 8686
8667 599 8524 1489 3345 1749 1887 3861 785 3520 125 3513 1071 5608 8811 1499 7487 7077 2270 1313 7618 2273 8076 6487 352 3702 1425 9481 8679 6873 3203 3668 322 2279 9016 6104 1022 942 2375 1840 7577 5311 9932 8069 9947 6211 6432 7616 6570 6124 1096 6863 4681 5037 4812 8682 9008 3596 6459 2070 4018 1319 7277 3081 1546 2021 3769 3663 9912 1887 8041 5133 347
8495 4986 3700 6847 5607 7384 1208 6345 6500 8474 194 2544 197 9514 1075 8623 5959 3144 2537 2760 5059 671 2487 1707 538 7767 7408 4023 5215 5805 8404 4368 358 7152 5774 8322 2332 413 5933 4037 1959 8574 9762 5729 687 3710 8969 7636 4734 608 3388 8354 2548 3121 8100 3116 7389 1594 3777 8388 9559 4571 5900 8480 8734 1125 1163 9181 155 9014 565 4277
6797 5626 1062 9780 2534 1030912 3861 6360 1021641 6347 5861 2503 8562 810 4025 2726 9911 8667 6251 6295 2173 9691 2526 1698 1999 1001664 1018242 5255 1466 1010363 3465 9106 4156 9464 24 1265 1029759 2776 1024063 2514 4480 689 2700 7936 8645 4676 1181 9360 5983 2464 4278 4823 5547 197 5538 446 1007375 1899 1356 6169 1124 852 3648 6900 4958 2751 9614 7774 5012 4014 3007
8459 1596 1259 5387 5637 6966 9334 1146 7555 2333 9298 8809 2077 793 2641 7312 5790 7096 2253 9121 9802 8142 6089 8020 4514 3434 8215 8769 2390 3404 251 2013 1195 1876 4047 4137 381 7388 8616 7846 5414 697 6617 6766 9952 1486 4488 5343 3431 6705 4286 6121 7827 4002 8130 7531 7909 4361 9720 7929 287 6975 789 1984 665 288 646 669 737 6240
5570 331 6754 1660 9166 2107 297 898 7952 2249 6484 5059 4086 5676 7403 4343 1015 3790 452 5826 5658 3501 9362 4694 2453 7250 3149 2345 2713 2672 760 5705 2461 2767 7263 813 7287 1993 9823 8157 3394 228 5467 7093 6109 8146 5019 6197 5232 9061 152 9229 5557 8935 5766 9688 5748 6185 5104 1334 4734 4874 5531 8735 7999 4442 7268 2596 1390
2320 5195 3160 4231 4905 2772 9983 411 4322 9883 4597 1027717 6888 9656 9282 9009 8109 7747 7549 392 590 3162 2159 9567 2435 6689 1370 113 9766 4505 1994 7482 6023 2404 7194 9253 8720 1020968 5289 9880 2037 7762 3198 4623 7006 4557 5706 5670 1944 3507 2494 2555 1848 3058 1965 4595 322 1363 419 3179 2729 4120 8998 7170 9240 2931 5707 2006
2000 4495 6812 1932 2323 2681 8121 6852 8737 9550 9836 6332 96 7804 9506 3156 6465 705 6743 8337 1168 473 8545 9094 5213 8662 5216 4896 9609 9280 6612 2481 195 7968 4431 655 484 6919 6876 3454 6519 6740 8017 6315 5421 6422 3889 4026 1599 3887 3029 2147 7414 5962 876 2360 9752 7022 2800 5163 6275 7746 9211 2653 3871 7875 1338
4666 559 2085 2209 995 9913 5639 5440 4844 582 3402 4484 8983 8459 3331 7904 4672 7465 5262 2237 3307 5699 6565 1679 8075 1582 2882 8043 5412 8717 882 4038 8179 5326 9738 5488 9725 3598 398 2305 2901 8676 3808 5986 1058 1677 8869 1759 5696 8468 7902 1611 1004870 293 3766 7860 9336 450 5799 6265 3933 5 5523 6810 1012 9063
3535 543 1026338 7376 2578 2124 5375 7072 6495 5555 9731 5469 7742 5530 5067 1838 594 2142 272 1000360 1032503 7896 1946 1032695 7562 2271 6768 3663 510 7246 1013043 2019 1009852 904 9516 3397 8378 26 1683 4640 1343 4511 3698 4707 7366 9001 5465 9422 2145 6671 1006419 8914 8528 8882 41 5172 1331 3076 9989 738 3660 6251 2522 1482 1624
8722 9922 1703 8639 610 2376 6220 3722 3871 871 1078 4260 1429 5170 2877 9620 501 9430 3020 539 3994 7821 6242 8521 929 3348 1029096 8500 8040 2223 1002403 4508 8614 6364 4684 4376 7324 8069 5390 5557 1578 8378 9695 7889 9221 9758 7059 5571 328 9105 7630 1869 6952 1019550 3001 3268 9469 8581 7255 4895 141 8828 5080 6255
4891 5170 7085 8478 4160 9444 9996 9803 9737 7027 9719 9588 1026 8709 1096 9109 7008 2763 5584 4961 2021 7860 5745 1805 2032 1104 1624 5653 5091 6312 4703 4570 6025 9115 7073 1241 1191 5548 6623 4898 2914 9610 6499 5334 8802 3264 1017316 370 6630 5870 6537 5196 9544 5447 4577 5852 1650 1086 8195 2685 4273 1014250 3505
9252 4649 7425 6866 7600 3497 1028 5055 5842 7072 904 2206 1279 591 8565 5086 1004979 1006673 4178 6339 1012601 4874 608 35 8152 9980 2373 1015311 3616 1032383 2284 5222 54 8625 8540 9334 2668 2236 2294 4884 5892 632 6595 4127 5446 2209 7053 1019744 7888 7082 1581 2116 1838 4977 4469 2461 2474 6677 798 1973 2405 9126
1189 6789 6055 1675 7346 2470 3428 1882 5193 8902 9328 8948 7124 205 6036 2782 4001 5360 6768 6424 6728 9957 4979 1831 992 7096 6378 2789 3106 2302 3189 284 3501 2184 1824 5519 716 6618 1505 218 7333 1404 4221 5995 6612 7969 352 7520 3047 7511 5852 8499 1947 7230 5969 724 2503 4524 2911 6293 3559
7232 7512 492 5660 5813 5721 6036 4738 7242 1466 37 1922 2656 4132 3749 1161 7299 1410 2175 7897 3276 4859 1267 8782 7494 1696 3022 3092 8529 1681 2092 103 1124 1557 3851 1402 4661 7129 498 1948 4925 1024216 5745 7769 2728 6412 5579 557 8731 1332 7505 1015086 2937 2838 2385 1013530 8359 5383 7871 750
6094 7785 7554 9896 5153 612 6083 2832 608 6457 1409 8563 5373 3602 3992 9280 6589 2206 4548 2103 5152 9644 5888 6749 3812 1557 900 3397 855 8735 494 6300 6780 2879 8672 2084 3921 1214 683 2116 878 9600 2666 5549 6640 8113 5810 8160 1782 913 648 4014 4572 7746 244 7856 9190 9343 5556
7577 5599 7023 1124 7864 579 1016874 6669 3954 8842 1020699 7227 4255 4823 1783 1027860 3092 1017439 877 1702 4481 1821 190 8031 3724 7349 2751 1267 1013438 1011095 13 7562 1708 1095 1232 4376 1929 6219 707 4161 5850 1989 9346 300 9850 9906 6485 7511 5054 3297 2429 1020 8380 3416 4253 546 7880 1732
875 2967 9663 5823 1174 6749 3416 8199 1449 4338 5047 2236 3569 3460 3492 2250 4844 6101 9563 5720 2675 1836 4517 400 7946 9196 5591 3088 5573 8968 2346 5552 205 5431 1027227 2870 4226 8181 4003 118 5171 6715 2138 4830 1213 6575 119 4705 6753 5838 5196 7201 8649 2442 9312 4514 11
3903 7452 557 2110 1002 9434 67 7309 6524 5194 6003 8827 5547 6759 3486 7302 2217 8186 7240 4878 6905 2653 1249 2040 6800 1000307 6949 8190 633 5414 2065 313 1660 2593 7047 3922 1279 3440 580 5093 188 8228 7727 5655 533 1419 1749 153 406 1007 1443 9597 315 4462 6131 5081
4050 5130 4604 6106 177 6321 1827 1787 2299 8016 5286 3782 6895 5108 8586 1098 8146 8289 2050 3646 686 6935 3476 677 5850 1249 8151 4194 4060 6432 7024 4893 1500 1655 8541 999 3467 9208 2161 5402 3428 3552 1201 8261 802 1630 9630 5815 963 2937 6180 5529 8779 4243 7890
465 1964 696 4044 212 628 4828 8414 5132 8071 3012 337 9722 5358 467 4850 606 5968 1864 529 4949 1185 4950 9912 1602 1449 869 7133 7824 1750 5191 8265 2982 9940 125 2842 8524 1131 8970 2677 6861 1530 9624 8608 158 7635 5706 8496 5950 4151 5682 6670 9694 5923
5156 7983 8227 4027 9771 9588 2538 3462 3611 4063 171 4282 9750 4232 8257 1914 786 7311 8553 7421 3051 706 6745 9009 6981 2353 163 2751 6101 5600 2137 1521 9857 285 99 897 1236 803 8239 4708 8087 4334 7545 5575 8781 3871 4028 712 8029 4930 551 4600 9381
2719 6643 9584 8332 5262 9380 5394 7049 3727 174 9713 3107 2840 6266 4804 2457 5696 6217 5974 2579 476 792 9410 3096 7223 9780 4957 1057 503 6144 2468 5838 3934 805 7464 248 6719 8842 5175 2518 8962 8260 861 2644 2329 5951 7339 2384 6228 4317 1911 1335
1777 3007 227 1010337 7416 7714 9010 4984 1014118 4955 1006504 9710 6217 3975 9378 9663 5804 1196 2343 4868 722 1006340 1023325 954 7784 251 2334 1107 3094 4182 6860 2283 2647 1926 7475 2046 4618 5518 1390 9672 3751 2321 2733 1117 1862 9152 1749 5498 9484 4803 3848
6523 9927 8149 1319 6975 7821 7669 8006 4313 5728 2938 2095 9800 2612 2694 2217 1529 7732 207 3081 3131 6962 9914 7722 5779 4670 361 698 354 4313 8822 1029 2740 697 5680 7061 3321 1711 1350 2042 7753 2296 1505 279 244 8018 5095 525 8761 1631
4285 9228 5352 1966 5117 1351 9480 9944 2649 3735 4349 265 894 5763 1605 1424 1948 1391 130 1080 7381 6514 13 2471 9060 9308 6425 1399 3553 1784 5477 996 1282 1902 1078 3797 1651 4044 3605 8958 2089 3606 5748 1365 7763 2172 2343 2003 6530
7611 5681 8206 8187 2966 5276 4661 8571 1001239 365 2108 9898 8688 1783 5400 1283 103 431 909 8947 5074 2368 4486 1312 1679 7568 7828 6348 1527 5939 5532 1722 3187 5774 6650 3600 7327 7790 6010 4029 7823 3306 152 605 7248 6150 4230 4331
2528 6586 1343 2774 1025952 8355 1003577 135 4552 6504 3920 2674 4572 4511 2145 6379 2510 1019889 1008932 9163 7764 7403 7934 4915 9436 2935 2357 2320 1245 1578 5605 5327 4800 8095 8258 1843 7038 8676 9247 3238 219 4003 4559 8476 900 3013 7947
382 2437 6722 4387 1221 1294 9563 2280 36 1687 6155 6201 795 3313 9435 3612 9130 6703 3798 2704 6739 9237 8813 7712 788 3599 2427 9787 1827 7878 9227 7778 9098 8447 1417 7473 4597 5476 9782 705 6457 9878 1856 4285 4728 3859
1011153 6612 4386 1014949 679 2543 8222 3996 9844 7764 1001209 2077 1011655 1994 3742 1722 1003 7981 4456 1252 3870 532 5988 8414 9172 833 3961 5172 7069 1561 1001916 3835 9300 8933 6303 8715 474 9064 8923 8843 147 8626 9486 4428 2479
5925 7110 1006425 1787 3638 9407 188 4889 8261 1003961 1524 1018909 3488 7197 3958 1882 8101 5873 274 8205 6407 43 8568 1367 3139 8883 1851 9233 1028 1006091 1892 4907 9747 2227 9289 3397 1331 5160 5360 7266 476 29 6767 8538
2070 765 2326 1759 6328 3679 3519 8866 3602 2859 7540 758 6296 5549 8866 1142 4432 8056 7101 931 2910 9564 5397 2176 3613 1178 7191 1013009 9345 7575 2182 7665 410 3056 7755 9684 6556 5358 1691 1276 3821 7498 56
2496 1014111 8242 4587 1049 5342 5131 5152 8991 3820 3162 8674 1005604 1017308 6254 6873 575 7691 1856 6353 1500 1077 9023 4654 2321 4215 1109 3452 4868 4641 4957 3003 9643 8351 3689 4251 4196 696 6399 8068 6743 7702
8308 826 1225 5207 1900 6991 1010402 5155 1026608 5641 2545 912 6337 7125 2782 7090 4700 9084 8064 6838 2799 7430 7249 4833 1563 876 1018654 1701 9194 9266 8291 2132 6627 9636 6647 1608 3419 7056 6612 4801 6366
5253 9978 8256 6463 8970 1699 853 8380 1107 426 1005460 1019606 1311 1272 5565 5103 789 8095 5532 1877 7393 6955 8110 7150 665 614 2309 9908 3508 2539 9277 1379 941 9197 4656 4656 8149 5081 759 3501
8119 1576 7059 9450 2320 7962 6603 6030 1935 9024 6406 8295 9721 8040 683 6318 2783 9166 6311 5950 2484 6273 3583 9302 3466 5044 5927 4429 6781 1990 9954 8822 2034 9508 8618 196 2289 6173 7427
9632 1728 8007 8971 1624 8754 528 1093 5210 945 3943 9654 2690 4279 4044 3375 1360 7971 4118 6620 318 9450 6867 9468 7744 8076 2277 9699 732 5512 7819 1564 9676 3666 9981 7683 3298 8389
2621 4626 5083 1007876 2186 1578 9527 1653 6838 3892 24 1840 1386 24 650 4900 1673 7150 3842 9243 8003 7524 969 4911 5723 1503 1013499 93 2714 4661 234 2217 1733 7227 3529 2386 8429
1130 4118 8759 7622 8263 6871 8538 7418 8163 6473 1572 9278 1504 2565 4617 5942 1026358 4612 5869 1924 1012 4148 5592 1271 4603 1451 758 4498 7191 6619 8290 5577 5023 1000679 9444 7508
1968 2581 2072 77 4565 932 2065 7308 3386 4000 1053 2645 6432 852 3467 7680 4515 9312 3595 4618 2635 3147 4229 1029530 704 6762 8252 2135 4242 1681 1716 5128 8375 9081 5298
8363 1014262 2659 5907 2602 1539 1180 1488 266 2252 5442 6944 694 4324 3014 8078 6253 5390 6386 1024237 3591 3532 3773 5481 1133 4040 7853 8815 2794 436 9100 3312 8572 8253
8541 7858 143 7061 6241 2168 1020 4288 6854 9700 3422 2335 527 3562 5270 1004 9417 2086 960 2101 7645 6496 1032277 5644 6482 9838 4802 1758 8309 59 2600 1811 2027
5767 7973 3398 8726 7120 1028 4517 2887 7599 9232 2795 691 7878 6367 9116 2584 1544 1032365 5185 3009 8361 1494 6245 7577 1880 1896 8302 2557 7258 2407 640 2053
8250 9507 1887 5588 3677 5400 883 9597 666 708 3377 2521 4938 4303 5336 4486 5004 2214 1145 6370 8685 6919 7306 3241 3430 1268 8380 4027 5478 1090 3020
1346 2545 5681 6215 1186 5257 5921 2834 1297 8620 7955 1337 9673 894 4973 4006 9212 89 2434 8996 1640 1155 5682 1796 5531 9903 9326 8192 7848 7525
1009039 4895 6426 8358 1111 7960 1753 3051 6135 4090 8859 5342 6451 3515 8748 6283 6035 975 4641 280 3099 2876 5674 7235 6046 5883 5830 3643 4462
6290 3788 593 2247 2016 6534 6784 9629 1048 928 1563 723 1570 5874 1638 1965 2942 9914 6649 9048 6363 5214 2592 1801 9271 1665 4469 3571
7 1011 9458 1021517 6345 6254 1346 9539 3336 3006 1384 4283 1761 2528 1378 9963 9235 5263 782 5642 9468 1819 8078 100 3490 859 4361
9810 7022 2980 946 7721 6112 8970 3549 1777 7151 4294 8062 2569 6543 7129 9876 7337 9801 6705 8087 5897 8709 5433 7438 1680 8059
9445 2740 9183 7179 9759 3691 7615 2857 7628 8065 6952 2109 4162 1811 5747 2618 4365 6799 5827 6365 9520 9678 7503 1688 2090
3362 7235 4192 1353 5964 2425 1572 7955 3346 8049 991 9426 7311 2152 1392 3792 5003 6392 1880 9300 4300 5916 4547 3099
9693 2167 730 3514 2366 2710 6296 883 2188 7219 3084 7943 4882 2203 2447 9915 8688 2354 2758 7326 1644 9573 1290
1529 2551 8465 1879 2583 3537 1219 1553 6231 3886 1743 6302 4544 6443 100 5919 8229 92 4687 4288 4986 7944
4560 3779 2534 5335 2282 6280 3016 2810 783 177 2766 973 8427 1013459 8772 8969 1503 142 9674 8140 306
6784 7994 5645 3267 2439 6680 5914 6849 2678 2219 7524 6718 1018 2123 398 9154 4093 1546 8322 4828
9723 7912 4917 4366 7779 882 8668 9674 7472 1212 3454 1975 6313 8575 9564 553 1000086 7891 9039
8208 164 8705 5696 3423 9194 6242 7070 1584 1030237 8988 923 8278 1029489 943 4040 2739 1969
1258 8706 6779 7520 8804 2445 2632 8833 3720 257 5680 6517 9231 2162 8868 9091 6228
1460 7562 9532 485 1853 6557 7487 9670 1981 1379 1386 6010 1309 64 1009123 6660
3780 314 2150 7818 2736 2060 8720 7420 9475 5422 3435 1636 8523 1765 1610
3134 6278 6775 4536 1689 9029 1122 124 4479 8097 829 7984 7442 236
5695 2146 1479 3818 8062 8346 2727 8031 107 4621 7460 362 7469
3202 4521 7442 5435 7539 8789 3008 7918 2902 5801 8958 5157
8396 2559 4494 8075 1433 8670 3182 1814 1606 60 7370
3185 8212 8179 2579 2221 3922 1575 8526 5956 3296
3638 6016 1246 9268 8049 1433 1527 141 635
9774 6912 9591 1014079 1628 8244 1775 3303
282 8975 647 6074 8222 6362 6203
3461 1170 1146 5509 2366 3736
9770 3550 4916 7420 7862
2391 2331 8266 122
9655 6951 8463
1929 1429
231

