50 80
2958 1301
4404 5897
2339 1272
5807 892
2810 8307
346 9893
6988 5527
953 7200
1832 5930
6485 1691
6113 6661
7737 4794
8171 3700
2486 9683
3777 9912
5520 5603
8786 296
2110 7063
2911 3052
9934 1812
5711 369
8894 6447
5084 3768
1284 7909
8787 3127
3992 7205
9783 5862
1812 7569
1039 291
5755 1649
6835 7647
5535 3120
8835 5438
8073 7837
2353 2795
9541 4442
8146 3458
4116 3377
8129 4644
5272 2522
2811 6758
8875 6966
5764 6547
2649 7096
5328 7429
7505 2198
91 9824
2424 6044
5186 2744
9622 8473
1099 4696 2223 22 13126 5807 1864 1774 2841 7691 29189 53 826 19594 2714 6941 1308 5548 7872 5039 4084 1835 1386 886 3934 1364 6446 13293 24823 8008 2963 1190 2242 4557 1244 2213 958 1598 3268 1110 638 11843 3604 25314 12396 3490 18484 5932 3228 8306 3422 200000 2648 1044 3626 202 5737 563 3809 14004 1281 2557 1256 11528 6 6288 2400 2062 8697 5113 3157 14564 12361 4349 3408 4571 4648 10 624 288
1576 6632 132 6506 3990 13546 1406 5537 1215 5093 27261 7718 7551 18064 2415 2358 1702 6275 8582 5090 3599 7619 5684 10914 2588 3448 563 9850 15362 2305 30 4262 5459 3720 30660 3503 490 3674 9314 12008 2045 11772 5795 174686 15058 1698 148 5718 4558 9993 6481 104609 1580 463 9060 7523 282 2007 4017 12620 3966 2388 4453 11650 862 2808 3928 832 3593 1518 11517 10901 11392 12881 3255 4740 488 280 1009 8328
6729 1627 3316 3432 17055 7671 5337 4111 859 2157 11165 11417 2659 465 2340 4222 69 3727 7970 4723 1179 10043 4485 188200 6595 2737 6428 19417 8033 1875 524 1222 4837 3618 168096 1178 1987 1586 14200 852 4684 3898 2750 112403 824 1385 14125 4100 1599 3822 1645 33 2985 4675 1841 518 3636 3298 3685 15538 3230 2235 5095 8802 5383 4132 3876 1807 8083 392 3947 13920 510 9989 4427 65 2420 6132 5515 22326
8113 6658 14890 2536 16772 2303 4930 4367 3161 9194 23578 9158 6658 26049 5074 1052 1890 42 6546 1449 1556 1708 216 109919 6219 51 4178 10076 7178 1780 1008 6 5257 860 104178 138 1461 3125 2518 5687 2232 14703 3945 133 15449 1039 2212 6355 2705 8440 7288 3753 4432 522 7946 5241 4390 693 3439 19488 396 387 5026 2874 258 4746 7 388 17645 2396 6393 623 3010 9220 3242 1873 2325 3427 1627 169058
182483 4261 10900 3841 27914 1290 774 2582 530 4536 108807 9320 1412 10993 8865 4625 154 11963 350 342 4071 22187 7484 3671 7066 2590 1266 14560 22436 134 1456 701 174 2653 1638 3180 1525 70 7078 5513 2710 14680 305 3916 15406 343 165031 5344 749 6045 4657 1410 1791 910 6248 8427 7754 3159 1043 2192 2876 3808 3747 3616 1510 6437 1890 2524 705 2842 5077 5246 10440 6232 1602 1020 1507 2966 1643 100621
110898 4234 10805 3428 121143 56 1131 3665 2450 7026 112629 7318 8549 12810 8348 3832 176 9618 1430 4466 2908 750 1128 2285 1411 3841 5333 635 138 6645 187 2690 5590 1713 2096 2250 3708 797 1654 10743 1353 9682 878 385 3442 2485 101381 6657 7534 105 6399 3990 4823 5365 1469 3168 7062 2834 5336 7615 6220 1777 2050 2952 416 1153 3812 4008 19530 5152 12181 13148 6534 618 116 137 3058 7133 399 1246
1164 465 1489 1038 103150 5840 4419 5420 91 2307 2125 4422 8749 112025 2238 480 1244 1088 3498 1955 2210 13269 8895 2940 6405 3211 897 11332 24917 3304 576 4236 5218 3705 1366 2121 2919 1983 15185 4846 2328 1911 463 1800 14319 3528 1501 3427 4728 11622 3018 2003 275 5739 264 10434 9637 2245 4922 1086 3184 1742 4558 12311 2635 3368 445 3865 10320 118 9471 10361 766 10203 142 3766 653 4010 3145 3199
1728 4473 1025 4776 3937 6063 7140 3266 682 7593 241 926 5266 105839 1043 1798 3421 3907 6360 1263 149 142589 7152 1028 4314 1536 4023 5453 97113 5203 5103 3808 4691 2260 1760 330 5233 761 13671 19475 4301 9792 366 332 9846 3856 4096 1102 5511 1442 6042 514 155 1864 6579 9821 7779 4042 4460 3595 6155 925 3618 3523 2740 591 3518 3748 3707 4803 2102 8767 1338 1397 4508 4995 2007 3855 3577 4219
44 2432 13321 3303 3388 3271 2308 4972 3517 1547 3410 11717 4157 2549 8368 2086 1377 3444 3316 5853 2019 96029 2801 986 3153 140 2224 10835 99084 11152 1819 3495 2223 1496 1417 438 913 2530 6391 505 4012 7718 2798 1593 15918 2252 3892 3850 5262 2429 4577 3057 3296 5583 1006 224 4327 117 4208 123862 942 1030 860 5128 5578 524 531 1511 127720 1242 11441 17891 5545 853 2597 705 4629 3487 4015 937
476 3108 1088 7091 350 13667 1625 448 2010 3045 4139 2582 3119 3735 870 3709 3017 11667 6151 2682 2691 3066 3282 555 6216 3955 2889 104549 3948 2131 3915 870 2365 1107 1909 710 4060 2262 7599 139261 893 4421 5291 2535 1148 2761 2830 2428 5764 2842 429 3618 355 5442 9398 1548 10372 2066 5116 115801 4974 611 2408 11275 4925 1751 53 1180 100353 3389 709 5348 325 6184 884 1556 3645 4686 417 3993
2782 1588 140811 4553 3874 12606 5488 4909 4345 7970 304 10654 6714 1858 1719 5830 419 7319 511 6339 4962 4365 2613 205 505 3741 2033 106963 3367 2361 5381 19 2282 220 237 1514 5114 4610 119122 106761 833 1392 3989 2579 96194 65 1342 3104 4353 9714 4829 1247 4787 1541 5457 7784 5883 884 7254 3601 2273 825 1489 2432 417 6160 2550 3045 2900 186 4771 99231 4564 14324 3499 4068 3873 8748 1353 1995
2121 705 109751 5042 2090 5086 4954 3815 2000 7243 1453 12360 6616 1008 8172 1839 1678 7333 4699 2798 1195 2681 4290 2302 554 2952 5141 1120 2971 7384 4729 1080 1708 1308 4085 3538 5872 2239 98333 4461 1699 9452 1009 1459 111240 39 4106 5131 5435 3515 4215 1000 1775 1095 7007 8251 788 4075 4640 1983 5937 1556 2482 7683 1594 4679 5222 4148 1875 3852 7044 106343 4789 123750 4020 3187 1836 9028 4693 2470
2017 7006 795 1889 3098 122794 5820 2833 97 9050 2436 9322 4109 1325 5389 7961 693 7454 4240 259 1315 1084 3988 1506 4397 382 773 4345 3840 5094 4416 127 6703 3693 2644 1949 2872 646 1167 2808 1215 98736 5545 1426 1700 3834 1595 2552 3155 8359 1538 2334 3870 4640 2485 6171 5730 3924 996 134 6873 3275 1697 2635 665 4795 1497 829 645 5943 3330 1085 6782 120593 1484 1899 3730 1033 5772 2642
2672 7341 242 5930 99 103632 4866 5019 4127 12650 2928 7975 6565 1855 4189 6363 640 8694 2303 740 305 2500 75 1519 6727 2774 4163 2840 2208 8380 3882 4020 1390 2317 991 803 681 909 1575 899 4231 100415 663 1563 444 49 4132 1987 3463 9924 4210 1691 3356 1341 4595 3090 79 2944 6567 1399 2984 56 3330 272 2042 3034 2698 3638 1729 1450 7717 3607 10333 483 2448 4087 1812 713 1216 2053
1745 7284 3431 3762 2330 4052 895 4724 2277 112898 2125 8600 5871 3449 5222 3589 1161 10261 8530 4919 2727 3837 9461 3169 5859 2025 1322 3833 3801 9904 1315 817 1856 3354 3960 627 2356 2605 218 2698 1183 2012 2599 3912 1177 227 1219 2349 6757 3547 517 215 1072 1808 8722 16 9501 2343 1847 1440 1500 171 1732 4043 1023 5855 4926 3551 3131 5675 1200 682 3084 4210 2113 1911 3702 8962 1467 4107
4239 6575 3693 7143 1795 1797 635 1504 2588 101633 1934 86458 4060 3215 435 7082 2039 101660 9501 1880 2332 173 1409 2530 3700 1985 3837 1003 3410 124340 3069 1791 7667 1673 2487 3989 956 2611 4957 1506 3768 2962 3066 60 3223 202 1310 261 3384 109895 1966 2329 3057 5833 5215 10334 3346 1739 2158 3818 758 2929 1092 109276 2951 3063 4873 2841 2146 4963 109943 343 118227 4042 2219 1415 4273 2252 3611 414
2171 3222 4390 6294 1528 1196 1062 4911 756 990 2356 116094 3543 2102 6483 5950 3235 117749 1061 1306 1290 1405 135651 1098 4673 2080 4453 2385 4059 98653 5480 2158 5445 204 513 3597 1822 2158 378 2851 829 388 2090 1393 4138 1892 4292 1130 2882 114457 4049 294 1616 5478 1746 117248 9643 2274 9024 766 6653 2179 966 109263 4276 3270 5164 2654 3117 3927 97535 2441 111597 3391 1608 5056 31 3073 1838 3651
1183 2041 884 7225 4031 1168 2824 2854 1642 3761 24 840 5357 646 1907 1579 1920 765 5471 2118 721 2508 130058 1654 2006 2410 942 2791 4340 4246 5501 2886 1286 4433 3463 1694 3051 2729 3365 3267 3872 4553 3192 2803 2864 1523 830 6164 5420 4432 6624 1464 1281 3635 4246 111361 2501 2801 2536 4518 6988 216 423 2031 6162 2275 1764 2878 2302 2190 1527 2346 3075 1958 209 1034 3326 9434 5615 2820
1583 2515 1330 6754 1615 2571 2466 5648 12 3633 1733 3558 3399 520 1310 6942 2110 1271 9341 5001 3700 2538 736 1788 1723 2566 2071 733 236 1420 362 2911 4800 11 299 1954 976 3405 3560 1171 947 4034 5447 4048 940 3908 1858 6777 194 2157 2080 1797 601 1472 113090 1976 101553 3587 3162 3100 6674 2189 5041 2126 1045 3008 1452 4253 938 4347 2727 4243 2412 59 8 3143 2023 7968 4902 2438
263 4842 87 7207 4214 1244 7402 2056 1442 1089 1126 3640 260 2283 2395 2565 2276 704 7013 876 4439 1683 3138 2053 1726 1038 1774 3485 3937 4173 3605 544 3397 2191 776 1614 5470 475 4569 3279 2354 4387 3537 3109 1491 3959 3888 1310 4690 1766 7458 1923 1913 268 106401 535 103153 2843 5178 2981 6689 1304 2015 1806 1258 5695 4259 2279 467 1185 1659 2420 753 614 479 13 1774 1004 1304 4106
1279 5200 3582 5324 3796 2968 6989 4283 272 1767 16 1371 7939 2713 1343 3068 3714 502 95255 4711 2598 3205 634 1835 1959 420 5402 1950 3990 2357 5974 184 4766 4664 2474 226 45 4525 507 764 3527 4564 995 1399 2584 2462 497 4261 2185 2804 1351 586 3371 1098 5890 3080 5768 2114 5257 2796 5548 2068 1496 4084 2247 265 4058 4278 103 3972 5671 2180 2087 1303 2986 5011 3919 111799 1823 4156
907 3760 2360 4599 3584 3144 5167 2362 818 2059 641 2582 96621 864 119161 5378 33 1823 99125 1282 884 1532 2654 1335 4895 1335 2308 793 2867 3480 1509 437 1964 136 1084 1872 5009 768 4969 4586 1682 4347 4677 1022 2456 3660 1911 6348 7995 5347 3568 1221 2293 751 1350 3630 4033 3277 111346 1565 3001 1734 3242 1514 2297 1333 4200 2198 2938 637 3712 245 241 1264 2211 4326 4504 104565 5573 1564
1741 4800 1169 2842 1410 587 3993 124 1232 2353 3583 4376 118977 1202 113286 2659 696 1527 3423 5758 3052 3350 5319 441 3594 1168 4902 4598 1152 5079 4221 2560 1267 4417 3220 419 1857 3918 2471 2553 3928 1913 4669 2286 1128 2436 203 2916 6061 34 3586 3986 1512 1033 2963 1288 5503 834 132243 2508 7172 1140 1108 5085 512 4534 3319 3271 4571 2614 4187 2519 1211 1287 363 753 526 5647 2430 2564
605 7144 98 399 3766 3117 394 163 1966 5508 2573 3097 3831 3877 5630 345 1410 5164 972 5403 3751 678 2429 3974 4107 2856 3889 1099 2449 2208 5429 1401 117413 2117 1261 3228 3560 3358 4898 3535 4471 5260 5848 613 1706 3007 3129 2006 102388 301 110051 734 1830 237 1252 3955 3168 3480 1151 2701 1457 3483 1819 3736 5 1237 1867 1001 26 3844 5404 4486 3569 1904 4350 4807 623 533 3281 2028
696 5196 2588 4098 42 3129 114 3491 2206 1585 3607 930 3069 2023 317 107747 890 4885 3799 594 968 4004 1540 1202 734 893 11 1454 1965 3250 1697 1173 109224 471 1282 3297 260 5061 4800 2125 3131 2825 3115 3542 1759 1315 2149 2445 136364 4179 139566 2898 2871 3127 99 3479 5654 2275 1376 750 4350 3555 3614 1392 2265 4024 1283 3393 2217 3038 5650 1255 3023 648 4279 3397 4881 2523 5700 1124
2660 7251 1124 2272 3 1448 2241 1244 3173 2286 1996 4942 6807 3240 2731 103514 2551 1797 2254 2153 2591 4431 5118 1569 3219 1575 3402 4155 380 2285 1256 3258 6407 347 1641 2368 5643 5135 4090 2941 3458 2728 4165 42 3991 3705 3485 2786 4446 4944 5233 3419 343 5419 3868 4405 62 3392 993 2343 3618 2612 5652 1390 910 3859 3837 1132 1008 4287 512 1212 125 564 2767 1223 2187 5368 827 2900
513 84944 610 88694 283 5246 113756 1161 2965 3083 1817 824 6565 1172 3403 7095 905 3230 5758 474 3315 3978 529 2120 1789 3510 2650 3613 1878 10 2439 4211 227 4560 455 1734 3243 2575 3981 3072 4040 1636 3900 2019 3165 4126 421 4661 2026 486 285 2470 2036 4811 6237 1237 4294 2506 2625 2286 94301 26 1108 4026 5637 2714 2232 183 3334 4416 1615 4324 884 711 1857 1580 4158 6025 1296 2182
2476 107465 3229 128111 3464 437 113997 4847 688 2106 1317 504 1511 2913 4160 6495 3784 4696 4881 3886 3964 3029 1550 4048 99932 439 5165 3765 3560 4713 2356 2025 6646 662 1075 1433 3458 4947 292 181 736 3497 1224 198 1455 3392 976 5468 1916 4405 6059 448 4303 3993 586 407 746 1738 1835 558 129715 1504 5165 546 483 3469 2165 1589 2268 3942 4522 2702 4655 4906 2456 4451 131 888 3293 1099
1109 7680 4443 2221 235 60 3612 236 678 3926 4337 4800 3664 3360 4464 5303 2261 1257 42 3455 3457 4547 3311 2972 117710 2735 6392 3001 816 11 3746 4208 1737 4645 1697 1512 2065 4894 3133 987 4391 1269 2999 2790 4720 4106 3139 93431 1179 3937 2352 593 4792 120813 401 5820 4002 1388 1980 3625 2171 3424 3132 341 256 4008 939 1393 2305 422 5018 2339 4398 326 3722 4893 2366 2215 484 3758
2654 5228 827 1047 3369 5024 64 4934 1993 4915 3823 2644 715 4191 3682 4274 3241 411 2947 4799 3493 3252 1066 469 3338 3698 6427 3913 220 3177 593 118 1763 1447 3965 1499 2623 3264 4346 725 4112 4903 2224 144 1694 3392 3932 115267 4514 1304 421 2031 1693 110857 6062 1612 1453 3898 1263 835 6126 1930 5245 4387 2982 3650 2884 564 4758 3761 794 520 5620 1981 2310 415 655 884 2482 1444
1717 1962 11 1213 125 790 8264 1692 3079 4680 3585 5713 4792 2342 1978 5532 3616 1068 4811 108387 727 486 4594 330 2646 3536 98696 2860 1403 4106 2438 1265 4763 4170 47 2146 1301 1985 35 3228 2184 2071 752 2482 556 319 3007 2115 2474 3967 2467 2609 3592 133 4073 1013 5097 155 344 4196 2631 335 5466 3516 2426 97275 2898 1713 1906 5702 4724 1974 4873 1876 3547 2423 4128 3854 929 2854
4010 8187 2069 2903 3394 210 3003 1530 4258 1696 928 582 789 4446 3384 1337 4115 3860 5006 113376 974 1693 3130 2747 3583 477 111582 3600 705 3697 2451 978 5215 481 3371 2159 830 3939 1211 4162 22 1239 5846 1572 4750 922 2081 544 482 5478 274 1068 296 2766 3829 4571 2713 2109 741 506 1823 411 4290 4263 134234 114539 3805 4367 3896 102682 2075 432 55 2764 2462 4970 3420 916 1036 2330
3739 1335 310 2899 2266 1598 606 3034 12 5106 1670 473 5477 3492 3369 5459 4090 1952 6426 8557 1544 4395 533 2005 831 3812 3014 1103 1161 3790 110570 2074 6988 4213 1618 1412 4207 2309 3258 431 653 3786 102254 754 90 3103 4288 4984 296 1379 38 1355 62 1088 5154 1101 6079 1661 2595 3060 1338 2009 306 3551 126601 4177 681 3843 823 124881 2302 4377 1371 3816 790 3309 2538 4543 3595 1898
3379 8249 3984 1970 346 996 8214 4019 3435 557 1278 4610 1599 3594 2102 4808 1498 5228 604 2013 4020 4508 2229 1540 7840 1998 807 3881 2250 4111 106547 1740 1083 3865 1449 1290 113475 112549 4166 2128 4611 2815 91692 469 2508 1946 2638 731 5818 1783 5437 2698 259 5430 1137 4077 750 39 920 4209 1122 72 1831 5431 5129 421 716 1722 3715 7250 5032 1391 729 88 629 4553 1216 207 113509 1614
1529 4765 4230 5636 2332 4386 6816 92465 2945 2060 2997 4908 4944 1210 2750 4251 1008 5356 1290 7086 1593 2493 2071 2430 80 1325 6690 818 3736 1412 6408 2643 4497 3615 1065 918 108389 111554 1602 2818 1060 1162 7354 1601 3207 2503 936 1385 7080 4298 6510 3625 3383 3850 4741 488 3585 1178 890 1694 1096 1443 103188 2077 340 1132 1995 2982 4277 114 4757 3778 4559 1649 1469 359 1353 952 114078 839
2758 4228 2217 4772 1378 3518 6106 111577 3542 4594 3824 5471 2259 3490 3213 94 1195 3479 4824 9593 4355 2666 1377 3423 6852 2393 1593 1042 2881 365 4708 688 25 2171 1722 3920 6623 5358 4677 3738 2175 4957 7127 2759 4559 1934 932 6630 227 1739 386 2571 2528 1815 3793 4538 2361 186 2295 107 2744 2634 104405 1355 1092 6402 4150 2768 3691 3872 1982 4128 1280 3074 2153 4955 2632 3023 7669 1824
2526 5718 1329 521 1175 5070 1736 7847 1255 1521 1018 2107 1942 1155 6289 3902 2737 2332 3673 2062 3649 4382 112 2767 2626 1166 3531 836 2247 1175 8018 1555 6780 3298 3813 3990 9203 5064 323 4031 2409 1150 6454 510 2396 58 193 8920 186 110 120 1461 4177 4244 3883 174 846 1200 2006 3542 8018 3314 2145 3038 6916 6069 104106 1528 2386 9273 1785 1319 4958 112 2406 99334 41 2725 7637 963
3659 7926 2792 1687 4265 4051 412 1171 851 2171 1315 3716 5017 1923 1199 2994 1420 4668 2100 6930 108 508 1277 2565 798 2562 5267 2185 3923 3545 6049 761 5109 3114 2351 3347 520 8124 4943 299 1316 435 9299 3753 1708 2192 1061 7562 32 3065 857 633 1705 8029 4000 1376 1750 1124 1121 4262 7704 1103 5176 505 7570 6298 106918 1436 3434 2727 3979 599 428 3805 4251 129210 3551 2459 11270 3233
1328 6387 1039 3025 3530 5179 7105 1629 2292 4484 897 3105 682 1165 5680 4212 920 4351 2742 2850 3392 112 2988 1638 399 358 80 3705 3146 2796 9886 1868 6053 106514 3264 1258 4110 8962 2151 2143 222 4906 7253 345 2869 4060 3634 5212 6215 58 4732 2901 662 5074 1241 1957 3691 1391 5689 3193 1029 3771 11933 3130 966 8830 4790 2296 970 5282 3300 4856 4590 4306 3363 11997 625 2187 384 3110
2356 2302 2676 5773 3098 2968 5959 2417 2466 2603 498 777 541 2332 3229 4558 3220 226 5215 9117 104113 2452 1652 2646 1873 328 7161 914 911 4445 2804 1330 2105 83973 2769 2338 10170 5263 3640 1250 3220 258 7341 1954 4075 894 1047 1092 1614 5 5168 3197 3165 8782 3731 3534 3033 2650 5673 176 2899 3543 2971 1349 2570 1381 3343 1394 1649 7341 3578 3919 3941 3474 2182 6435 104786 4593 6667 1236
1048 3623 4022 868 2551 3029 4925 10314 2658 5217 2016 5457 576 1196 1242 5001 528 628 6031 139 98889 3982 239 1580 8269 2286 4067 4718 2163 5595 1411 2403 74 14283 3669 1142 2828 11031 3238 720 102525 4621 5119 1960 1823 3710 288 7542 2089 1475 2845 188 109459 1722 837 5500 5309 509 5329 226 52 3885 9391 1903 1694 1943 7895 133 1989 539 104 2608 1331 3547 1464 10000 110938 3977 6075 1218
841 529 891 3769 2088 1236 213 9845 1822 1460 4110 1937 2899 3405 1493 5619 557 2728 2530 3813 13560 1024 2384 915 1000 1718 7176 689 2776 4464 8520 437 713 15668 2829 2116 6204 4081 1712 3092 117898 1253 3772 1219 2423 928 1168 1872 875 3059 1444 1797 99531 3423 2951 2246 674 2168 115 1293 2892 1376 1891 4867 3890 1393 14071 3403 3580 1429 1347 2233 2682 4310 1302 5618 14021 4436 8324 1010
2897 1456 4308 6785 1425 1838 1755 4078 464 3100 4223 2824 1288 309 2745 6207 1709 4057 558 3099 9832 1271 1490 352 1390 3341 8563 3175 3189 5485 7631 2010 4429 8581 1725 743 5815 1950 873 3032 13836 3320 4399 3355 4408 1997 3341 4458 5780 4113 148 1098 14871 8345 5315 203 872 917 4186 3316 4006 639 9139 2150 7497 8068 7831 3290 2777 10371 1781 3669 4658 677 2026 266 16767 4415 2000 889
1250 4971 2686 7457 2166 5069 1763 11027 980 1213 281 197 1229 3882 6595 3113 2483 297 2856 3131 17587 1147 5329 4066 2999 3964 5457 3378 803 1901 5361 1281 2732 14855 2799 2959 8391 3886 4645 343 2489 4122 9816 2722 202 2692 4242 1871 3761 4355 555 2961 17389 8620 5586 4223 6031 877 6383 1005 1080 204 12413 3275 6222 837 4133 3166 1710 6755 4403 1502 4495 2656 102387 5354 4006 3552 9560 1490
1912 7694 2633 5896 2247 2796 8196 3857 380 3417 1580 531 2342 267 4502 3870 2227 968 5297 5279 5208 1994 4634 3830 7986 2213 8390 1068 184 3951 5304 2070 530 16584 1143 1650 5018 8612 2106 1419 11861 1057 7077 3578 4560 1612 641 3046 2417 4254 112 3433 11479 7107 1313 564 697 3233 2755 110 2124 864 8817 5204 4904 9861 13483 94916 2218 4492 4022 3298 1901 1442 132196 6882 10844 5914 9956 1021
3286 6339 4868 41 4017 1993 1393 5885 116928 1007 2982 2235 3775 599 3702 802 2809 3019 1506 103 9264 4045 719 2230 4481 1800 7544 645 3736 311 3176 118489 7108 6606 2164 2490 9561 8714 1520 4699 227 4257 9966 3713 629 2162 1862 29 2172 3811 1661 2917 18504 2074 1717 3176 2857 1947 1697 2077 970 2154 4532 3474 3136 8976 1453 120134 3458 3723 433 1011 5157 2497 17696 2374 6692 6510 359 1099
2799 513 1900 1484 2290 4995 4520 9986 166670 3732 1525 710 4566 4115 719 2825 3403 4700 5745 2520 16111 1466 266 800 4804 3627 9597 202 362 2831 1549 132653 638 2354 2310 1455 2386 568 3272 2976 15078 486 2992 617 4819 98832 1575 8314 2945 2051 3925 1491 10494 1451 4285 4778 6231 3031 6085 2465 5247 3664 10767 4391 10524 7691 3762 30115 2486 4071 1565 4671 3465 2215 22705 6740 5566 4288 1757 2158
4001 320 4844 6245 2601 165 1616 7666 2398 3968 885 878 3772 3601 4890 3857 112451 200 3790 4637 13562 2759 2350 297 6361 3172 76 2958 4488 4364 10401 27505 4034 15309 2372 3435 11406 2735 1995 3912 7818 3500 9161 2500 276 164154 2234 7044 2303 1739 2831 2803 7186 1896 317 5620 5357 1658 6194 3225 6581 114943 1415 1427 7568 3734 6179 17729 4238 869 3353 4050 2383 1797 12962 6262 10740 3534 1877 2979
1355 37 4413 2839 1647 4229 2168 8821 14720 1409 1485 2163 5307 196 1367 71 174140 2030 5682 8788 5658 2106 211 1102 6977 96469 1877 655 4099 5586 2942 18022 6030 15408 3981 106304 5904 9264 1878 2806 18408 347 3655 3862 109 28418 3529 7417 1674 2652 5821 3972 14849 4832 4765 3186 3317 100627 609 718 6025 172650 4050 1362 679 8159 12087 9829 2925 2600 5257 2271 2263 968 2548 5534 7009 4982 9976 2105
3884 3086 4145 2838 1608 5064 7557 3880 16212 5311 230 1404 1065 1342 1879 4807 25860 3072 6113 6907 10329 2636 4333 3564 7157 200000 7528 3729 1359 1008 9285 21820 5090 6379 3566 200000 3472 4834 1146 1603 12385 2565 7523 771 2158 7428 3189 3965 1115 56 753 1555 5697 8462 2223 4890 914 200000 907 1112 2607 27350 10955 2005 2702 89 14055 22193 4741 4411 3688 2622 1231 4683 11893 3328 13417 4285 2411 2400
5351 9769 7972 9875 5607 761 8453 8453 1815 3019 1025651 1680 1930 6684 758 7514 3847 2515 6854 4696 6994 2742 4690 750 6028 2094 3299 4069 7213 9209 4716 7854 6177 8686 1525 2663 5489 1846 2921 3371 3348 3673 9884 1150 9221 6166 9009 1610 327 4504 474 3907 4966 1317 3105 5650 4288 2552 4328 4528 5716 6994 5020 6609 1321 8460 3231 979 978 8288 3541 6375 3136 1577 5871 6543 2873 2488 4519
9529 3624 104 3387 2091 2085 5957 7725 8735 983 7656 5402 1825 8310 8054 9290 1463 4166 6058 6536 1600 561 5135 3986 5264 9812 8403 7859 9467 717 345 9695 6079 4739 5581 8831 9415 2646 893 1278 8318 4905 918 2482 3505 6718 1581 1535 6888 560 432 2777 4246 2646 8571 504 3326 631 6735 7985 8937 3897 1728 7379 9861 1599 2574 703 6848 7026 5959 2459 966 4542 9530 3880 2823 5969
3439 8963 77 7744 5286 1177 7740 9578 2077 2543 7642 2545 8373 9041 1377 1334 2535 4681 7731 6292 243 5250 6606 6144 3818 8701 1504 847 2669 5796 9372 7177 1252 3054 7549 2652 9700 5010 1083 5316 7499 5519 6316 2202 7102 7867 7853 795 3189 218 7569 602 4196 6610 7240 4232 2734 4476 8548 6163 3189 9550 152 9229 1013 9559 4082 1919 274 970 682 9901 3982 4655 8475 3179 3152
1958 6834 7824 2482 8574 3813 474 6489 1269 4711 8835 5498 224 1737 9762 8699 6045 5106 7093 4312 7431 2705 3566 56 874 7586 5611 9039 5608 1504 3211 3204 6700 5899 1001277 9270 3068 858 1547 1162 836 2386 5272 1576 9585 8967 613 488 6843 514 3514 39 4358 3013 851 1310 6122 1947 3576 3012 1074 3811 2498 8691 4291 1102 3323 8009 4062 7958 6390 5936 2039 1042 4943 2191
6006 1927 1843 9058 1023086 5602 7315 5448 2300 83 5653 2748 3234 2396 5468 6311 4181 1023131 9865 9187 7588 9299 6673 8755 2346 1554 7265 3281 3958 6094 2560 9703 6136 6097 1812 6899 3807 1463 7864 629 1953 22 5084 2298 2154 1133 3501 478 1020633 4384 2135 1790 1799 1028595 7352 8860 217 4645 7830 9350 3560 4831 612 6537 8128 6908 7505 177 3157 9372 5074 8501 9981 5492 7649
7105 1337 6072 5973 8819 3797 7355 1988 42 4483 662 1927 6812 9779 6791 1437 6744 167 7484 7666 715 1635 4657 2833 4278 7642 9702 2168 2047 7319 7413 8779 759 969 4226 1724 8541 1315 9012 7337 1169 6626 7347 278 5627 8032 274 3901 2813 8217 6158 67 7558 2284 9592 6940 9337 1652 5776 1218 2621 3640 2194 6370 8838 8048 2790 4600 4148 2329 1186 3021 9914 3258
675 5597 9458 1784 3932 6894 1358 7271 7597 3005 6290 9970 5752 7595 865 9164 2784 1000 4406 7352 2803 9711 596 9159 6362 5603 8511 4720 1012894 8040 9165 68 4541 1621 2519 6578 2093 88 9860 2008 8720 9450 664 556 3737 2261 200 2042 6094 1010211 1650 5599 5999 553 43 4309 5878 2436 4568 5103 5247 5554 6561 7864 250 2629 4627 1031159 5646 7315 7782 4998 8320
146 30 8643 9636 866 1008517 38 180 7019 6969 7028 1263 2040 2098 5860 755 7188 5318 8832 7614 6724 6192 7038 8209 1749 5663 8543 966 3800 6571 2855 5364 1010219 2110 3103 561 4731 48 2488 2455 8438 3043 9025 4634 9781 3664 5754 9513 4185 7665 2761 2082 5798 4129 5869 7307 7118 8337 3250 990 2767 1357 1157 693 7039 9150 1544 7415 4870 2705 3847 9441
9262 2616 476 3177 3543 3631 9360 2543 9374 274 2483 5604 7790 7356 527 2767 183 6499 8536 4142 526 6483 6758 2554 1286 1768 4773 6591 3693 848 3692 602 362 1022336 3470 2211 2790 4566 1630 8717 936 175 2326 5084 3574 7610 9530 7223 1240 5756 856 2637 4159 5509 2707 3836 6950 8947 3408 1040 1608 5285 2256 7274 386 611 9903 8081 1146 1021 7100
477 8673 2769 890 1217 2021 5841 983 3480 58 8388 9243 1002484 2137 8443 6099 371 4105 4198 8495 4739 7646 1577 3816 5431 4063 6986 2102 923 9164 8460 6497 436 160 7984 2743 8492 5091 3914 6413 8988 3556 5666 1030393 7946 9861 7277 224 1021558 7830 2171 8123 9920 535 1730 6079 1228 9432 1067 2205 9128 9859 9867 7367 1389 3517 4117 1188 6884 8281
1213 4166 299 894 5536 2506 8776 6890 451 9648 2510 2054 2041 6348 7070 5931 4201 6332 5455 2309 5295 7242 2113 4872 4674 5140 7998 177 5062 1034 5698 174 8035 472 9676 4544 3237 3590 4054 8016 2853 7900 2978 1248 1352 5961 6005 9187 6663 2518 777 1823 479 9590 5853 3842 5993 4833 9567 7651 2013 3058 6957 7354 9426 2221 8488 3059 4073
6548 1115 6655 4123 9788 4587 7660 8784 1260 6494 7046 6002 6630 33 3181 4721 2057 6277 5033 8920 2118 41 1227 4528 7841 6478 7798 4116 347 5511 2766 4484 6862 5551 1456 4813 6312 6368 9618 2009 8043 401 1484 5556 6852 3472 9367 4495 8955 1408 3637 7768 7786 9076 6738 2233 3634 3869 3641 2815 3674 2464 6074 8206 442 6748 9690 7460
5287 7530 5995 9835 5311 2309 3102 643 952 445 3910 3568 6099 1991 79 3295 2215 2663 1018863 3118 5724 4225 2251 2685 4452 1867 3165 4576 1030241 5111 3861 3814 2419 9152 1742 6671 9104 3363 4963 265 9049 6017 9185 9611 5275 2561 3406 5478 899 4203 58 2473 5366 9202 2389 4564 6208 258 306 5760 9642 2075 7866 4845 8530 6955 9588
4219 1430 195 9827 5405 9152 8819 5344 9290 2537 1448 5130 3510 9991 4503 3324 3953 8089 8714 5278 9582 5893 4970 4302 2295 1839 1004557 5296 2431 6797 6835 2803 2552 5800 5996 9079 3494 4390 5964 5852 5940 2678 8001 924 5797 2459 1780 7740 1278 2621 926 766 7010 5580 9054 5275 9245 5990 1576 9439 8742 8283 6559 6277 4575 4464
9446 9333 6718 241 900 7484 193 3690 4294 6155 1661 4695 8889 2930 1000 1962 7801 3934 872 4157 4659 3888 43 7225 9330 4976 6856 3638 1304 7138 6022 5636 3018 1368 2636 73 18 2024 5513 3372 1727 351 709 9906 3327 1830 807 615 5088 1253 6104 3936 4116 4117 6487 4942 6115 6282 6303 4164 6421 5824 2695 4573 208
117 1864 9608 1582 5640 964 2726 9955 5505 3460 9190 9998 5153 147 6285 4030 4427 2394 6812 7159 483 2139 4509 5716 7429 1362 3519 3599 1625 5992 9730 8303 2982 3162 9684 1266 9509 1210 4254 9659 2232 2420 8761 8445 2458 2372 949 9657 3784 8646 2570 2628 3585 1694 5568 5709 6650 2761 477 3005 1605 5683 3837 7312
4290 7274 727 9379 2582 5443 1965 2543 6380 1004 7188 5621 1082 5362 2549 8025 9349 7444 3347 2308 1799 5447 3725 1925 1872 4908 3399 8376 3370 6063 5588 6570 9762 4160 2119 876 5428 3991 299 1334 5189 148 3694 3117 1671 8133 8837 6216 841 3356 3628 2623 9581 992 6094 3989 2415 9730 4068 6392 610 5331 7953
902 4812 2997 8989 3651 6389 2783 9039 1017016 1132 1017236 4321 2702 8187 1009766 1022463 9563 2141 7398 1328 1868 9164 4288 8521 9780 1002831 7301 3854 1140 1002020 3449 7098 1692 90 6639 8192 1936 7123 5041 5635 7134 2536 3332 5763 2479 2366 2171 5881 7197 6823 9803 8406 8516 6092 1359 5591 5435 1011833 5213 9243 1015813 681
4280 6231 5811 9332 9927 634 5676 7062 6822 1805 4720 5730 4252 7070 9033 4791 93 285 2035 5393 7249 7477 2910 1987 1061 6159 9186 2292 1968 9076 6546 1912 6216 1762 1155 4273 6918 5105 1151 1716 5319 5238 9365 8433 2260 9640 2516 1054 6645 65 6952 2515 1170 6278 8339 9019 7850 2283 6448 6777 823
2849 8580 4345 1553 4369 9414 809 8114 5518 1014816 2679 2250 7894 3382 5293 533 5529 8791 5595 2233 9422 9682 2547 3908 4897 4427 7131 1782 289 1965 7550 1482 9642 98 2692 1579 702 3297 8996 6005 905 3304 3783 473 469 1178 7886 2533 3611 5594 3398 99 2987 681 9547 2561 1310 6509 2348 209
5242 8738 5501 7329 6422 3925 2210 7022 1679 6543 1355 3989 5418 2350 474 139 2394 4346 253 5405 6180 5303 7224 4618 2434 1430 8963 5135 309 9025 4004 1619 942 3559 2286 6501 2511 1988 8698 370 4189 1141 4564 2988 2792 7867 3210 9767 9071 9342 7825 2742 2350 7699 5913 229 9865 7201 5937
4392 109 1056 1981 1796 9925 1475 2647 3580 2347 9160 1269 5248 6623 110 9466 4832 189 7638 1295 5175 5706 2573 5730 4582 1887 9977 8847 8670 9961 1521 2543 2307 1280 7394 9471 2125 8998 5791 6562 9600 5491 4953 9577 9806 3343 256 2130 6107 1583 2392 1807 546 5172 7007 6025 8487 4144
3967 1492 44 2298 1711 3316 1767 6740 9166 7440 9588 8171 6371 935 7575 6622 750 2128 3333 5747 6643 7254 4308 6071 1961 5140 5664 149 9406 7693 1020159 6360 3373 7087 2823 1021796 3346 1417 3182 7298 7677 2939 5698 4490 1334 6828 4203 5542 3648 9666 7950 5668 8128 1997 4451 6173 6352
2229 4841 3748 6479 6646 56 3665 7612 2185 2775 8270 5795 2469 7871 3345 8870 9093 8640 5436 7056 5003 931 4401 4310 4549 3071 4746 4591 448 5232 8456 7446 91 6293 8890 9805 8493 7849 8001 2436 3881 5732 1346 6682 9024 1906 8699 3330 1271 1125 8297 9242 380 118 3241 6345
1379 9250 5053 1399 854 9027 146 4530 6284 5532 8928 910 233 4121 9201 3772 8119 1430 9382 4654 5026 2271 1222 1817 3690 1464 3560 3548 3109 1646 4452 768 9140 7102 5701 481 1159 5732 3585 9837 6147 902 1484 7882 1330 6978 7753 2188 3083 1365 1171 2151 2420 3470 9435
4194 1110 803 3219 7725 9200 6306 5547 7700 6286 74 9001 2020 6235 8923 702 9166 3861 9115 2919 7066 5408 8203 8193 8430 8574 938 8081 2638 1773 920 6978 6038 4369 8653 8000 9478 7124 4106 9157 205 2891 1680 1538 9993 5115 1392 4081 1262 4156 1412 3864 5830 8556
6028 1018480 2343 2167 2843 1011911 1022299 582 4787 2611 2028 2085 6285 7368 3070 5050 1027038 3036 5986 9570 1009335 1400 3864 2062 2380 5890 2276 9535 5703 5385 8101 5485 3437 6160 1186 9214 5377 8735 9413 1573 6152 7446 1485 3417 1645 7827 6558 5304 1000774 7286 1852 1021948 4983
7107 2424 7197 341 6184 3001 8582 1661 2816 527 6140 4326 9431 7925 6684 6901 3359 4981 6100 848 4946 3904 3606 9972 3545 3486 7145 8506 7132 3090 7264 3400 4219 4417 8638 8484 7372 6101 426 7327 5766 3550 1856 111 542 6328 6552 4141 9328 6562 5211 1153
9232 654 8435 1019338 1008497 1189 9522 1571 8454 8557 7766 498 2567 685 1013131 8162 2518 7183 1010274 803 7043 4167 6433 353 7933 5876 4106 6659 8922 2741 2417 8564 6776 6046 7000 647 2628 8027 5549 519 3948 7284 4550 6717 6880 4785 1009884 5477 1502 1008192 1110
1331 959 9333 7831 2130 9627 7921 3483 1309 8692 4822 7085 8258 6402 3497 8941 3171 4619 617 8033 6191 4197 1248 6489 865 7230 6840 5031 2983 2092 9551 9231 5446 3329 8094 8171 3435 6002 3990 1058 6085 8392 3436 6586 162 4822 3831 9979 3479 4651
2135 6710 2036 4907 5992 5766 7350 4121 2456 6102 5215 7176 5253 4244 2515 8706 2218 2036 7013 5320 252 9287 6274 4812 240 2445 651 1099 5279 841 3737 8879 8476 2709 9020 4132 5 5110 7876 2329 3801 8624 388 4761 2234 6301 7508 7611 34
8170 9286 966 1978 6707 8299 5177 9609 352 1025319 9418 714 8336 4482 494 2097 5157 7328 585 1951 559 2516 9830 8532 1214 3168 5208 4837 8866 8224 7602 5358 2246 8664 1444 153 6861 3114 6519 8015 5691 669 9083 415 5350 779 3119 9245
1001806 825 2561 6829 4235 4172 1639 864 6023 8506 1019533 6510 5948 5295 1019439 1333 2399 1 4842 4864 4909 38 9070 4652 772 6261 4518 9303 2549 1594 187 8889 2873 2590 710 2584 3266 5814 1509 503 5523 3962 1025568 3646 7634 1004953 5388
1056 8157 7371 7135 6376 8251 3991 4565 2502 1027605 4263 8035 9705 1001141 4888 5562 6557 9965 454 3566 9031 858 6008 6392 942 2955 7384 9033 1741 1789 6262 1983 4182 8745 1293 2189 6825 368 7189 3478 2805 1016821 7131 5994 1005822 1180
8062 7380 6032 4386 395 323 6163 6301 8924 280 6703 2949 300 767 2002 2356 1118 6194 6928 4778 4271 6218 1290 819 216 7783 3362 7053 1001 3714 4798 4964 3043 2513 7659 9905 5908 4219 3075 1123 8792 3132 6098 7068 6222
9499 9206 1055 1481 4795 5461 4872 5256 7791 1188 6941 953 8193 229 5555 8457 7796 2880 9173 4590 1029336 4501 8912 4169 9151 1808 8466 5446 3646 159 1029 9574 3541 3840 5686 447 7762 5278 1029035 9650 595 878 9381 1182
1388 7717 2049 4067 1032 6492 9957 3065 2194 6183 6266 1570 1366 9042 6484 1549 7556 9244 8554 9532 6325 1033 4594 5641 3809 131 8668 4836 6208 2129 9331 9984 3855 3931 3183 8847 262 6700 5086 4427 9703 584 980
951 5002 3328 4944 9829 8263 9204 9218 1721 6403 2249 6666 3053 8687 2027 3170 4646 8556 276 1295 3735 2516 7998 2532 5798 8517 9205 103 4700 3679 9377 7304 9904 3777 3395 3087 1382 8975 9677 2293 979 2982
199 6870 7044 8579 6767 3334 4896 9457 4672 5858 2716 3025 71 2296 1598 2879 7122 6633 5508 5746 2489 2573 9701 4836 2610 4536 2904 8867 8560 9516 1363 9320 1163 719 3735 6710 1174 9647 2315 7541 5469
1379 7269 847 5789 8211 2144 1082 8201 4075 8539 7960 8105 4891 8062 9371 8982 7923 5619 3085 308 6782 3378 2095 4366 1500 380 2272 3097 1221 8381 4864 8530 6762 572 9110 121 9102 5317 447 370
5141 3849 3880 3737 987 7459 9230 7926 5192 9119 6579 4865 1379 6742 340 904 4117 9837 5961 1407 704 1023 3068 8823 6992 3096 749 6290 6256 2675 4486 3430 5855 1558 8571 2384 7284 1277 8612
9499 1600 1364 1966 3201 1364 393 5438 2048 5715 9489 7208 465 1065 7385 1679 1494 364 1984 9134 3009 657 532 5222 1821 2786 4618 8601 8071 7135 418 2375 1164 5714 2074 1670 2842 5112
6946 3895 8175 2285 7855 1414 6727 503 3828 2579 6324 182 6142 7439 8318 7450 6111 3641 158 8581 1581 6506 3077 6354 3932 2189 5026 3879 7641 1315 4036 1767 6536 101 2605 363 6289
3788 6600 6914 1020390 2766 7740 1366 5609 9273 5744 5937 8619 7541 4929 3664 6600 6325 9011 6615 8385 4847 597 8518 6218 8028 3592 1866 213 801 529 7030 1026206 9967 3052 1022355 1865
4361 339 3845 4953 5284 9840 657 6482 9843 32 1772 1121 836 7432 358 1259 564 2028 5367 7091 7674 6574 2872 1008 7859 4547 2677 1854 4330 76 3041 3956 4603 7828 3626
2646 9320 8949 4767 7339 8587 2305 9952 2194 4317 1997 3109 4784 6374 880 5170 2381 390 4605 1945 1169 8259 4668 8240 5849 1060 9920 4884 2654 3086 6853 7262 4456 6733
9672 3893 5278 2469 9388 8564 5233 9785 9082 1166 4874 1659 3352 288 1505 9510 2029 3173 3856 8569 2772 735 871 4772 5855 6261 9329 7288 5934 4616 1751 9914 2401
586 835 4232 7402 2977 2952 6224 1622 6680 9424 1997 285 856 5014 2642 6984 2037 9749 1548 914 7723 5200 1587 7714 1403 100 7042 1021001 3328 5963 1028920 5783
4327 9298 2814 7106 2942 3661 9657 5274 4268 2778 4242 2694 7554 755 3364 1395 9248 3208 1237 3023 7307 7180 1897 817 2542 3071 7300 2619 9886 4124 847
9490 8755 9635 1197 8365 451 1274 2078 7789 1009 1264 8675 3468 4374 7714 2290 8217 9679 577 5101 3202 8136 7987 9294 1507 3302 7257 902 8767 1323
8866 1011527 6987 1027206 7262 3022 1011219 809 1019766 1031445 6872 1007071 9353 1007927 1002903 1008621 1016634 1007701 1028656 1012360 1014648 1015721 1007428 7704 9934 1011642 7152 7004 1013660
271 2058 9678 5653 8295 9994 9944 9580 7049 1025883 8167 1005944 9991 2322 6159 4575 9752 8702 911 2162 453 2176 8790 4662 5268 1853 1285 9859
5540 1028913 1127 2496 1012953 9751 1021376 1007246 1689 1008486 4162 1025971 1024389 1008910 1011685 1004986 1031452 1013892 1015063 1009834 1024252 442 9634 1019012 1834 4802 1001854
9073 1029 7268 4695 1022971 3558 6206 80 427 7146 2044 5079 307 9283 1768 6747 3964 1275 2563 6604 2131 2763 661 8577 5552 6652
7874 9264 1001959 172 1000814 1019674 8322 1020947 6338 1007060 1004543 1025302 1009470 1003502 1006102 1030635 1015473 1025533 1026030 1854 1864 1018747 1376 6292 1008211
5938 5451 5134 7198 117 8602 2832 2623 4816 6915 1458 8283 8993 6530 9783 1902 3590 981 813 2938 9657 1001849 3556 9519
8026 1205 7218 7357 8139 6933 1446 7398 1554 8618 1275 1863 5562 6768 2720 9256 4619 1014320 7030 770 6251 9799 2953
1440 1030037 1030455 2706 1031865 6505 1001980 1029468 1015534 1003924 1020994 1016391 1025087 1019826 1005813 1022794 3539 321 1025368 9867 4039 1030488
8122 2435 8678 7543 2983 8654 8394 353 683 993 2610 7159 2268 5727 4228 8935 24 5981 2277 5141 7852
1001892 151 1008408 710 1027047 1020226 1020729 1005038 1005558 1001367 1006327 1011649 1024915 1004736 8542 7310 1004067 9532 8826 1030949
1254 1006634 7334 1018555 1022730 1007331 1008762 1020419 1014125 1028685 1031364 1029834 1020514 4205 5414 1015234 3271 2924 1000737
5330 1002804 8046 5280 5547 8214 8687 7576 9006 3580 815 4430 8812 1746 5984 3482 4286 1468
9501 1007498 1015127 1004517 1030029 1028362 1017830 1009481 1004392 1019299 1002208 5648 7273 1002689 5709 9261 1010997
938 2 8277 8123 684 8143 2403 2668 1317 7242 8363 2237 3529 4492 9501 7323
1000816 1032554 1005661 1024526 1002446 1008327 1025825 1027185 1022679 9208 6251 1010784 3938 2312 1001320
1026467 1018285 1028876 1016167 1016347 1022754 1024858 1008318 9307 3336 1020118 3818 6073 1029789
1015341 1017589 1025636 1004083 1002022 1008413 1015031 8776 645 1017010 9007 7866 1031954
1029504 1021146 1027915 1013033 1009646 1013425 306 5251 1002534 8536 8146 1014885
1032310 1023203 1001262 1023304 1024246 9419 1277 1007529 764 3072 1029595
1025905 1008748 1021809 1024753 6936 7540 1012843 4101 917 1019415
1027919 1013060 1006906 871 167 1028608 4190 1448 1004505
1022837 1029562 1331 5084 1015568 9112 9833 1025003
1026930 2888 7257 1024825 1041 9189 1007764
6996 3855 1019416 7886 5468 1010319
5787 3415 8070 9430 5793
363 476 1004495 9972
8263 4247 1020578
7519 9373
9472

