2 200
9044 6803
874 7519
3033 3063 3022 3060 45 3067 3081 25 75 3019 3026 1 3071 83 78 18 7 3038 3012 3098 3056 3089 3040 3081 71 33 89 3024 57 49 70 96 96 3022 3036 3049 66 3095 3048 49 3084 3031 3045 15 3078 1 58 3056 3053 39 3019 3050 3070 3088 3069 3082 3068 3012 3095 95 38 3019 3061 3092 51 74 3040 71 3083 7 75 3025 34 3063 3033 15 97 3039 3049 3001 8 49 18 11 3080 65 3077 3020 42 24 88 3046 33 3008 29 41 23 3074 38 33 3053 82 3045 3086 1 3074 85 41 3086 3069 86 41 3075 3032 3093 10 3020 54 3035 3019 77 60 73 3051 1 58 3043 3096 44 94 3052 3046 49 33 3091 60 3027 38 3082 3059 67 3057 11 23 7 3077 39 3070 46 3058 17 3084 3062 3068 27 59 3042 79 3001 3057 81 29 3022 96 80 3004 98 81 90 3096 86 3065 3089 58 30 47 3068 3067 67 79 3073 49 27 51 32 3095 3075 42 3081 26 32 80 31 69 3012 3025 3027 89 3021 77
89 50 24 39 3019 85 69 3082 3012 98 11 3055 25 3037 3074 3094 3090 34 62 56 71 9 3 94 3012 3001 3048 97 3012 3051 3009 3054 3099 73 13 5 3068 80 94 3040 61 0 40 3038 22 3043 3017 45 99 3028 93 91 32 23 49 45 97 51 94 3072 3080 69 58 52 3065 3061 84 3026 26 3035 3073 52 3042 68 92 3018 3058 20 52 64 3012 3048 3020 3073 33 3035 84 14 3049 3002 3051 32 3005 86 3018 3038 3067 15 3004 3017 33 3060 90 62 3017 96 3011 3050 33 74 3029 3046 49 28 74 3026 10 3091 92 7 3013 3028 3064 66 3059 3041 3 15 3084 3044 13 52 3093 3020 1 3090 62 3015 5 38 3063 1 3021 3055 3093 0 3005 22 3087 56 3023 83 39 26 3099 3025 19 3007 92 87 3078 3043 63 3074 3049 63 3039 3047 3058 43 3074 17 78 3099 3026 3075 62 48 3040 3028 41 3081 3021 3039 3041 88 1 3072 74 3007 3094 3090 3015 3034 74 31 82 3045 92 3021
1 47 453 360 348 255 102 168 363 170 219 494 238 188 303 179 32 509 25 314 45 351 166 363 164 306 329 165 215 389 109 103 484 339 425 351 406 66 476 458 13 22 214 78 447 382 151 110 499 342 255 480 702 400 393 332 483 416 28 16 422 201 343 425 313 354 375 161 183 294 82 347 438 280 458 490 275 293 372 70 80 378 154 99 605 261 64 707 445 807 442 38 887 71 25 224 204 441 451 304 395 214 319 58 16 311 341 122 313 48 18 290 198 430 16 60 175 98 109 117 55 428 421 149 283 164 124 253 92 144 16 380 433 146 383 393 108 875 401 681 323 348 9 8 374 468 8 174 7 119 26 194 73 386 27 383 161 418 245 230 9 397 384 343 62 222 338 350 141 465 425 264 709 407 293 462 347 163 86 107 34 113 445 110 318 21 238 398 10 355 251 147 941 334 82 299 185 119 348
203 293 232 149 88 17 16 222 93 150 376 118 105 168 411 296 201 62 66 49 200 465 306 409 466 197 282 123 210 383 56 373 154 268 220 292 486 428 11 212 149 339 133 224 73 388 389 338 342 443 179 404 453 28 112 285 381 80 229 465 386 107 102 474 216 295 241 24 149 72 309 476 310 225 385 473 267 118 271 198 415 814 451 159 371 379 460 42 361 448 92 249 28 254 331 77 368 90 428 192 152 181 101 128 296 413 280 343 63 424 290 70 230 22 431 458 125 339 350 443 74 149 250 99 419 56 401 175 328 232 180 396 654 127 160 45 258 30 395 103 189 275 221 477 407 273 297 357 434 136 23 50 228 56 208 392 269 420 12 57 314 217 290 184 240 493 264 276 158 497 465 433 28 18 457 275 268 495 224 360 139 369 370 290 499 101 432 378 100 198 174 413 283 407 245 53 274 431
311 127 154 185 423 498 49 170 397 456 404 373 244 991 236 315 487 423 30 203 88 98 93 43 213 233 427 111 425 249 348 306 205 276 410 63 359 140 72 394 21 272 106 383 122 419 305 121 354 309 7 75 232 273 244 355 729 103 174 472 174 165 66 86 428 497 96 355 331 189 341 488 317 111 475 60 281 62 313 112 460 337 312 416 114 70 473 101 400 177 491 116 33 214 455 414 10 364 79 40 554 456 416 161 622 193 275 160 74 557 81 484 104 297 370 23 416 872 283 230 452 474 11 195 165 486 165 75 291 84 302 390 173 664 12 260 83 303 78 1 279 453 318 376 435 46 36 143 246 49 300 258 188 77 443 422 198 290 194 260 385 161 106 434 259 291 394 273 125 91 423 385 374 316 46 264 71 4 208 317 174 416 266 144 421 172 157 265 457 419 394 34 26 198 371 224 80
492 55 134 482 6 320 176 495 396 481 70 18 192 248 145 130 4 46 488 310 6 65 179 425 76 7 136 685 401 481 372 65 139 228 108 204 365 315 227 472 423 157 83 56 228 293 214 41 27 124 31 23 195 85 181 246 252 160 447 183 269 287 208 69 356 380 410 383 46 389 449 67 275 224 6 239 298 411 368 228 180 103 189 345 151 331 310 29 49 296 487 114 438 414 127 144 411 254 122 421 299 330 12 199 383 224 212 473 184 478 281 206 143 441 481 66 154 425 363 309 122 16 183 157 341 419 275 270 324 17 236 304 167 125 337 485 323 279 184 438 4 338 110 419 276 212 104 292 316 489 159 14 39 272 104 261 8 396 92 356 331 190 421 256 61 268 410 468 423 437 308 392 205 302 274 471 424 381 161 207 314 151 79 36 316 368 225 192 72 445 8 469 116 145 181 115
459 253 471 120 423 64 148 373 66 223 283 163 341 264 129 2 190 9 223 428 489 31 163 61 497 368 276 374 311 374 231 499 168 277 16 342 83 143 409 496 237 385 65 490 304 28 160 485 321 394 250 205 6 271 441 488 44 3 107 29 33 756 392 103 132 308 831 228 307 313 399 654 161 112 413 340 1 231 277 204 380 409 77 276 263 54 224 406 107 124 70 56 112 25 159 132 55 86 231 36 287 299 369 318 382 464 375 66 141 279 180 56 405 395 143 243 176 397 84 290 415 41 156 3 293 31 401 369 45 50 50 450 359 445 480 272 44 468 218 179 342 237 175 480 270 392 949 409 73 472 464 464 493 35 483 112 109 479 162 178 238 145 380 81 111 215 263 76 87 193 307 387 442 485 275 728 445 248 446 195 498 302 252 761 732 157 123 21 466 229 125 199 174 283 375
5 312 192 391 103 87 371 457 291 259 291 335 97 468 10 915 259 248 497 441 324 355 429 173 330 62 225 114 385 153 184 172 190 212 81 212 304 185 310 81 222 295 311 381 426 206 463 392 184 261 123 199 145 188 105 289 333 4 262 362 231 343 232 438 301 280 207 445 140 351 250 78 172 301 16 117 367 395 164 204 214 499 261 333 225 82 214 150 220 383 61 241 45 49 351 126 429 433 244 486 417 390 202 105 26 441 303 352 152 66 402 167 22 368 415 60 143 61 216 157 106 973 426 30 448 65 468 219 94 33 256 105 257 439 416 110 167 130 152 301 290 121 440 158 207 190 209 200 487 409 147 37 72 297 245 382 103 92 444 219 477 198 161 475 20 0 374 64 335 466 431 358 100 23 41 41 333 71 118 284 229 278 206 275 89 59 330 393 487 395 447 118 221 187
225 451 180 143 65 464 270 296 91 16 215 336 240 239 125 765 471 216 82 420 403 110 93 215 344 262 386 336 345 237 398 48 142 486 491 266 213 97 337 380 474 217 310 456 6 433 197 275 253 273 337 151 444 343 180 365 305 133 134 345 278 384 472 472 382 215 285 103 9 472 95 462 38 5 373 112 115 59 400 321 30 175 331 387 542 30 375 129 347 255 106 181 85 390 372 173 377 140 168 252 455 156 301 3 132 368 204 130 43 112 471 35 490 13 478 108 145 214 397 75 227 284 491 472 379 112 453 274 109 209 330 343 213 10 370 177 420 165 112 135 270 76 384 301 479 288 472 163 436 36 127 452 321 51 56 409 276 465 232 383 213 475 234 139 256 381 414 341 454 164 288 155 11 228 234 219 387 372 317 694 141 319 372 258 124 261 345 286 128 86 420 324 408
398 157 236 488 410 205 335 441 6 164 479 488 368 314 337 299 812 60 482 414 20 404 174 486 25 215 190 487 403 157 369 339 113 222 294 352 261 212 484 138 275 21 29 387 819 110 383 115 564 97 336 184 10 387 365 141 596 64 345 444 403 11 239 198 129 293 73 262 85 98 754 494 158 378 331 437 430 273 105 123 457 332 198 347 490 450 441 446 133 375 39 329 26 211 172 333 361 82 165 132 363 151 403 235 20 407 167 297 304 144 164 963 495 249 78 838 452 344 464 341 205 169 160 436 77 448 285 211 98 78 494 115 330 392 97 317 864 253 227 437 338 229 202 162 285 377 815 295 375 53 244 153 252 248 393 334 276 342 483 153 340 116 84 99 211 0 490 442 335 139 30 487 452 495 80 102 112 288 348 124 495 221 275 100 389 27 288 290 474 138 80 100
154 273 24 476 57 83 913 36 20 101 160 156 321 302 107 281 435 132 183 434 146 189 496 480 105 162 498 382 208 347 378 110 88 239 0 641 409 446 181 308 76 488 32 316 414 439 305 319 87 107 191 105 341 457 99 446 295 158 239 616 110 337 355 131 259 484 33 191 63 51 96 158 371 422 164 147 454 425 416 190 3 452 40 253 463 183 956 342 32 294 60 274 263 173 13 429 495 288 244 495 410 25 369 266 144 378 403 29 225 404 359 21 368 488 34 265 74 29 154 60 223 198 339 370 347 382 494 422 227 473 315 422 295 489 464 40 311 333 429 345 233 217 305 23 166 310 273 463 334 10 499 379 489 239 326 388 495 884 464 152 332 409 264 315 353 193 257 399 394 349 22 216 40 398 376 297 324 326 189 205 392 339 242 433 90 400 332 354 167 64 230
9 290 80 242 249 13 44 412 188 86 297 295 34 466 146 139 259 447 24 350 320 152 458 388 276 121 441 232 258 346 429 388 5 256 440 428 339 226 451 469 103 494 325 154 159 124 82 146 17 474 401 85 140 113 170 83 245 158 399 272 62 237 219 446 274 26 331 104 134 165 444 489 228 360 162 412 419 150 296 397 494 290 68 124 0 191 272 496 135 383 193 295 764 371 102 128 67 305 64 149 454 365 253 478 463 300 79 177 181 167 499 340 4 418 377 496 438 436 422 243 24 113 215 173 65 269 139 142 219 401 68 275 355 47 34 125 399 107 161 390 283 359 136 139 477 23 261 98 28 346 7 121 410 115 473 414 436 11 353 108 259 333 46 294 165 259 138 371 178 213 34 89 295 436 309 442 430 409 499 120 315 213 75 408 147 255 484 358 319 164
197 166 263 994 50 46 143 304 77 102 326 457 408 148 294 91 284 345 35 287 343 124 79 354 371 370 473 309 343 409 156 88 14 369 427 647 104 43 91 279 23 156 28 320 499 269 359 315 289 393 315 277 430 0 371 376 298 181 176 230 191 71 164 400 112 19 370 1 385 57 43 267 148 83 15 189 369 490 272 154 443 344 184 408 135 206 445 376 188 3 6 74 479 412 223 276 495 101 29 136 40 228 3 145 481 421 445 325 360 214 119 376 330 443 100 312 450 65 323 10 338 478 257 72 239 136 289 379 292 84 229 39 66 296 249 81 14 385 324 431 391 373 153 42 462 115 252 64 108 196 266 421 435 164 383 97 243 476 17 398 362 882 144 70 269 334 24 229 165 406 14 48 427 802 166 236 244 266 340 113 188 357 270 314 363 136 150 696 380
798 301 313 225 361 70 34 235 208 343 40 16 134 261 428 475 367 222 333 311 486 488 47 82 331 335 380 434 382 787 22 313 499 35 127 62 367 193 107 360 156 423 252 110 200 165 426 355 67 281 198 423 114 171 397 458 306 197 372 389 106 33 402 250 380 388 100 283 198 47 104 119 12 252 94 152 416 448 307 199 162 146 986 72 169 486 67 297 230 327 262 127 264 322 305 248 268 228 285 427 133 22 18 495 178 54 85 273 310 216 278 184 84 54 146 411 157 150 66 122 455 434 117 281 224 168 106 370 358 158 490 223 364 160 445 323 152 56 270 33 126 395 116 297 62 245 381 252 29 497 382 306 130 498 225 106 838 476 555 260 180 56 46 869 603 89 424 976 232 456 216 188 56 63 40 339 154 463 384 101 185 447 106 228 233 235 167 322
406 466 73 107 93 300 346 184 474 59 135 108 349 184 248 155 45 189 179 385 21 456 443 396 241 346 203 348 881 292 279 309 480 50 226 410 56 471 1 453 85 437 131 486 499 213 482 277 215 56 300 359 387 403 65 268 65 120 349 170 218 163 188 144 257 456 486 213 59 153 184 387 260 246 140 351 278 483 57 95 371 606 313 425 345 293 51 10 169 318 90 11 489 2 47 330 451 299 196 408 261 202 54 126 271 59 29 326 345 133 369 75 338 129 495 400 49 351 456 108 85 72 81 230 36 470 264 299 460 48 377 360 350 173 100 238 338 372 307 275 195 113 375 115 118 270 108 35 221 230 397 444 26 206 452 731 305 999 305 376 162 291 689 816 114 163 798 220 201 265 389 179 185 69 19 271 433 61 212 2 483 397 477 362 418 360 404
35 267 489 361 384 351 4 431 33 173 201 379 227 245 437 332 256 240 154 268 61 217 154 78 446 489 283 93 133 406 293 348 133 65 343 446 271 337 247 43 77 248 121 136 147 336 245 100 344 384 256 383 167 356 320 351 89 222 323 165 457 83 155 301 365 337 470 297 450 114 235 143 99 389 191 384 493 59 94 64 287 205 35 380 196 217 417 119 238 302 154 100 194 255 176 454 151 390 210 477 224 389 270 484 20 213 221 160 472 447 78 700 276 392 118 334 417 347 187 37 202 144 452 134 169 216 476 140 152 292 479 39 361 317 38 465 346 205 485 595 256 282 341 197 243 463 371 273 97 280 263 473 411 266 129 260 365 168 65 330 375 15 357 558 58 308 311 387 356 179 496 42 410 262 221 79 4 271 392 90 92 227 129 168 264 247
64 458 426 337 266 173 141 59 0 135 401 449 287 429 142 248 270 413 425 66 332 313 116 37 54 129 259 188 352 38 46 535 143 35 460 126 326 421 277 292 227 429 213 8 209 441 377 393 327 339 489 54 484 8 482 7 196 25 112 271 426 102 48 410 252 288 236 386 310 1 227 182 131 321 471 273 12 415 8 461 155 317 487 105 67 144 14 67 164 475 62 104 157 57 142 217 248 37 450 455 206 250 443 225 76 483 49 480 449 20 63 59 245 258 426 281 93 144 240 164 36 126 14 31 278 238 476 130 259 393 260 116 282 375 458 89 126 146 318 46 392 260 78 201 326 439 314 321 196 268 197 346 398 223 234 344 69 658 47 462 113 224 220 369 33 261 79 434 81 763 6 369 101 350 206 194 130 87 15 217 127 489 1 956 68
498 217 284 233 201 90 53 177 423 41 162 237 163 463 325 48 77 342 298 455 111 107 446 393 27 162 177 221 883 274 476 334 206 119 73 328 122 225 344 56 174 435 195 324 14 40 388 32 125 177 434 152 770 251 197 283 34 474 89 239 469 26 449 26 359 25 116 260 389 313 409 286 416 239 80 79 117 288 317 881 198 59 19 78 232 460 287 276 213 404 58 293 336 236 19 171 298 214 70 58 76 293 86 479 382 484 182 406 186 263 206 339 345 233 50 438 273 61 120 315 156 330 170 311 87 269 126 300 351 126 1 370 160 417 77 179 292 131 275 96 338 63 145 226 442 370 240 56 308 427 700 349 246 62 194 144 91 459 347 450 101 398 499 0 264 482 456 470 424 66 388 27 67 102 356 25 84 34 248 412 197 276 363 26
124 300 151 265 232 28 52 125 425 57 63 300 181 95 90 367 49 108 498 229 309 67 433 297 159 22 181 301 137 374 277 34 489 243 239 463 229 436 214 368 491 363 908 277 314 140 447 427 261 266 27 51 103 263 495 267 80 21 133 408 268 261 211 296 30 447 108 180 210 490 173 157 454 237 4 60 273 350 59 174 377 482 153 497 166 465 762 465 283 183 911 73 369 323 495 938 458 200 388 212 212 274 298 506 30 258 230 397 6 499 325 404 272 86 462 191 354 333 322 855 228 285 3 184 93 458 331 390 278 182 197 245 143 452 91 400 424 470 450 120 138 374 479 112 43 145 296 340 162 268 59 443 397 102 149 285 35 142 445 17 250 306 61 313 122 233 354 59 132 309 244 216 201 140 316 336 381 344 406 309 226 16 225
431 301 266 233 39 396 161 239 223 193 108 494 306 70 368 253 207 441 176 140 27 366 207 233 310 199 373 296 47 127 371 368 64 202 177 427 464 320 349 371 111 147 318 223 266 155 421 22 72 360 130 114 243 178 330 456 43 200 275 417 388 281 437 172 54 192 56 83 462 286 350 103 59 214 366 424 321 380 269 492 117 224 160 394 213 357 5 82 243 381 95 439 288 315 325 117 81 49 158 233 22 487 82 330 409 247 375 257 453 425 330 326 275 126 448 388 101 297 381 467 157 458 232 245 289 462 263 284 365 142 364 429 288 218 315 475 278 165 326 62 333 343 339 254 982 414 341 221 495 233 77 140 271 242 318 399 353 362 255 351 325 102 480 136 219 220 360 332 250 334 198 163 412 130 337 139 446 227 376 231 298 71
294 155 35 497 145 449 493 61 350 295 154 78 244 32 469 68 38 256 180 450 131 64 67 117 414 141 343 229 255 207 304 396 310 169 638 49 470 428 413 250 175 229 280 481 356 50 236 51 284 203 358 234 193 289 258 349 433 20 316 342 141 190 191 395 183 207 808 12 404 778 365 755 170 327 599 241 174 303 377 292 310 461 378 162 381 275 333 473 375 100 282 7 358 362 456 432 13 320 473 490 328 428 257 81 16 99 47 350 220 81 332 396 140 418 305 1 350 404 259 546 494 573 161 499 123 429 18 13 246 427 296 380 476 291 116 103 44 116 223 21 478 466 196 267 343 27 171 240 220 81 357 32 325 464 841 271 151 6 383 280 340 50 483 65 50 189 324 106 290 86 73 294 90 181 919 288 66 70 48 462 40
123 300 302 245 359 214 378 50 228 173 53 98 272 436 26 178 199 379 281 175 12 203 196 362 433 299 180 466 468 440 472 17 328 182 868 412 179 408 358 356 145 133 25 101 277 64 463 146 114 633 461 393 268 494 280 61 416 25 142 45 402 158 133 19 178 415 347 61 481 18 275 34 20 395 296 240 312 779 331 476 369 96 117 187 21 293 157 152 465 137 175 353 454 215 66 415 171 33 335 472 347 449 254 243 369 407 105 451 227 192 183 80 455 127 362 106 75 258 392 454 472 295 490 482 238 127 147 428 221 222 495 202 230 37 371 304 352 309 100 482 469 225 254 260 10 169 252 16 494 439 144 287 437 46 440 334 268 146 811 246 187 488 472 154 147 122 297 232 417 20 71 162 51 496 377 322 385 91 178 324
282 465 63 131 184 24 17 127 322 260 250 486 217 489 478 276 249 47 461 471 388 153 979 94 83 362 139 461 184 309 245 18 435 164 318 127 377 479 352 121 310 228 414 459 67 469 168 293 447 430 10 393 377 136 395 427 242 451 349 70 191 431 160 327 86 368 375 378 236 88 485 386 478 279 308 101 280 98 106 7 291 49 189 31 408 53 61 156 72 90 179 200 137 380 308 130 429 377 454 113 162 574 366 272 401 145 431 348 351 591 229 37 160 493 230 380 490 340 129 285 182 417 252 331 9 202 176 12 261 30 30 58 233 51 80 242 451 26 337 261 449 319 113 40 266 318 388 97 345 16 124 398 10 230 253 175 200 95 465 207 479 368 408 68 282 249 358 233 404 126 302 363 231 7 9 222 153 315 443
264 378 27 478 124 365 138 121 33 359 344 478 157 273 203 111 456 90 290 334 332 64 420 431 339 301 35 310 366 197 50 469 395 478 167 30 170 352 449 321 240 82 85 160 454 205 47 224 468 151 376 284 99 371 354 84 67 247 99 47 33 374 53 23 430 247 49 261 20 174 243 340 221 145 109 399 160 397 452 87 239 411 99 393 174 61 338 376 357 105 14 429 94 224 325 460 271 239 477 58 203 134 67 459 362 613 62 186 457 75 205 295 101 28 405 253 278 470 325 215 409 360 21 0 1 387 174 421 216 221 338 182 361 370 207 446 249 424 206 458 33 294 296 237 118 112 125 327 406 266 466 35 153 478 409 283 482 104 340 309 488 408 105 300 113 313 217 396 394 272 158 486 422 210 251 360 479 290
174 487 366 486 455 22 183 109 120 138 310 177 334 278 276 2 175 25 456 67 390 357 199 63 154 255 206 310 299 64 32 298 393 283 279 424 414 388 251 151 450 370 372 243 406 44 159 150 26 305 364 227 254 474 302 387 318 353 472 112 208 79 123 196 170 97 40 318 740 406 339 186 85 119 296 39 38 313 413 216 258 31 460 27 304 111 231 350 125 43 157 71 445 119 226 152 316 293 161 126 101 335 289 9 291 236 23 399 219 346 243 280 361 432 73 31 78 424 440 438 440 461 275 135 251 460 276 389 229 304 163 250 97 461 441 400 262 178 108 225 172 129 279 102 405 483 414 133 42 91 83 422 444 188 85 157 103 367 102 10 423 273 109 848 368 357 257 50 468 113 311 479 91 242 120 426 120
461 203 62 241 319 7 254 471 140 188 15 175 396 262 132 303 449 143 450 289 357 167 173 73 8 45 31 206 485 215 480 48 85 472 378 115 334 453 334 477 176 2 226 451 126 175 56 357 24 954 415 206 85 26 392 327 311 229 8 219 180 18 172 158 484 102 241 411 120 124 314 40 297 182 370 385 162 22 298 229 25 309 203 465 420 351 83 365 111 327 174 64 214 104 126 1 425 212 144 115 490 116 490 318 374 36 92 395 95 345 358 415 193 252 69 419 35 352 34 174 332 383 357 413 189 49 415 251 49 270 409 177 208 489 178 360 492 345 170 407 114 147 417 494 371 372 407 155 90 172 285 95 377 486 485 212 306 18 861 430 172 21 193 286 365 464 142 102 35 468 182 115 126 360 137 471
80 335 404 231 304 108 325 356 487 35 50 139 448 442 202 487 17 288 253 170 274 456 326 64 134 113 302 915 64 77 364 934 480 392 348 473 153 194 356 573 345 207 180 76 363 377 424 418 181 439 408 257 343 542 194 154 26 229 40 477 151 121 192 91 102 260 396 214 407 317 299 177 240 25 263 173 253 76 197 143 399 387 77 478 163 492 355 363 318 343 234 436 368 172 899 2 422 313 962 486 319 97 487 489 404 289 323 355 144 486 171 397 352 391 14 3 190 8 435 609 63 295 326 199 487 143 244 150 289 894 367 325 208 315 38 486 172 379 216 245 284 179 448 74 92 183 70 270 101 450 476 390 452 238 87 143 303 105 166 301 191 463 263 38 143 446 218 458 324 184 131 241 482 496 75
416 41 148 661 152 364 140 0 291 50 367 121 148 369 326 359 177 291 257 331 403 223 394 309 317 245 439 86 169 70 364 120 288 70 408 303 328 434 296 17 87 328 154 96 62 260 234 426 51 394 287 153 198 66 456 241 133 495 424 435 434 367 211 259 406 185 402 344 180 96 98 446 104 435 419 316 272 345 186 223 350 176 449 111 172 316 159 460 56 41 464 128 372 21 357 492 141 499 143 232 358 121 116 458 88 391 295 381 368 248 233 54 88 256 112 415 345 142 155 364 128 224 194 451 91 170 319 195 451 335 193 211 216 306 156 407 104 623 153 491 440 384 356 439 431 90 259 415 436 236 97 28 471 292 62 250 435 471 272 496 142 122 387 393 144 238 413 128 104 200 482 178 85 157
194 78 132 115 382 486 475 313 259 12 865 132 61 243 483 379 357 239 447 195 409 490 234 30 244 405 196 97 44 306 366 300 351 423 331 335 322 371 920 114 116 92 444 308 494 209 52 332 105 180 182 67 488 10 120 50 236 238 35 431 185 108 121 265 323 107 20 197 426 380 272 134 333 760 191 257 209 28 462 330 12 95 246 354 127 62 365 189 137 343 167 457 25 74 420 63 71 12 311 58 122 188 463 430 472 420 245 55 366 143 269 130 466 209 465 347 411 120 72 364 87 384 58 108 263 369 37 195 214 435 203 377 418 267 233 314 288 264 63 221 438 136 33 12 320 156 13 478 234 190 82 282 227 9 225 455 375 454 282 489 300 157 49 59 331 457 21 85 1 396 489 380 172
346 49 47 317 362 151 88 270 178 203 408 52 278 72 211 149 119 472 492 306 440 53 111 456 162 4 139 456 369 23 63 165 18 350 296 201 125 63 157 271 22 15 229 59 40 122 460 221 258 86 44 135 194 307 486 434 154 166 325 228 217 212 479 288 190 204 378 305 303 481 304 531 256 65 258 98 17 289 497 200 94 450 10 423 113 255 8 216 1 887 51 286 461 297 440 457 3 151 402 460 126 329 326 160 18 138 66 523 222 299 223 78 414 318 278 395 39 496 140 66 372 355 248 292 302 67 201 436 197 431 35 390 848 78 391 77 275 59 410 78 312 73 177 121 376 415 27 274 99 179 23 24 33 494 373 72 154 196 122 266 308 323 202 15 132 357 306 211 327 350 178 433
461 311 344 143 199 273 426 444 297 144 436 479 85 427 138 414 383 16 240 262 9 309 351 184 162 414 323 105 74 3 209 458 259 137 44 499 471 392 434 450 424 279 300 94 461 87 278 264 335 445 499 356 266 371 185 173 498 349 299 311 212 88 136 181 277 294 308 394 76 239 36 298 418 396 174 77 155 106 89 0 308 749 946 257 417 498 200 184 256 382 266 229 73 335 346 324 302 380 40 307 498 288 7 391 466 391 27 217 801 352 356 425 81 354 342 448 92 414 186 351 464 120 127 268 285 250 56 41 72 73 17 262 53 13 344 90 436 47 235 113 289 465 119 40 114 498 283 29 293 346 416 233 330 488 463 415 344 339 434 411 38 478 191 363 425 395 371 189 217 233 313
373 453 284 13 4 83 113 308 73 83 224 193 86 350 334 225 239 310 78 475 443 368 50 421 259 95 114 399 371 107 241 186 454 348 190 359 405 379 181 329 303 394 282 143 95 164 90 274 46 343 449 431 72 178 99 208 141 373 353 33 284 355 411 149 122 202 31 72 28 381 69 399 183 221 421 346 335 164 76 146 263 168 166 79 394 68 283 155 281 208 338 168 5 193 6 175 388 39 159 289 351 374 264 282 489 394 117 443 347 191 195 248 87 375 219 451 237 86 419 115 228 345 491 421 269 338 376 107 141 214 126 206 480 667 143 41 310 340 277 98 365 263 9 128 264 354 26 370 322 460 175 472 109 358 473 467 276 184 255 234 283 453 291 42 251 212 434 489 45 51
315 230 19 422 428 244 117 127 316 185 296 207 339 357 328 193 180 7 351 113 464 447 25 44 448 5 159 249 449 5 407 387 645 52 365 386 217 457 14 248 16 267 3 449 283 239 138 88 315 265 49 415 247 315 160 337 195 364 360 394 423 414 115 272 420 67 421 57 27 274 135 403 60 245 448 367 302 493 298 153 480 452 354 636 163 10 218 321 29 143 242 52 409 412 5 195 296 232 137 353 364 337 205 114 114 39 330 54 278 171 148 59 349 376 375 34 162 415 117 12 58 389 318 37 384 138 189 46 397 98 85 108 350 466 260 428 119 324 46 48 209 431 73 77 299 31 219 319 42 19 281 330 17 443 295 151 370 68 56 478 118 706 335 173 498 86 110 65 215
336 114 411 448 139 36 81 210 2 118 414 260 217 213 224 219 365 345 140 315 123 109 280 56 388 85 276 172 332 185 5 46 301 288 345 2 267 9 238 162 368 37 423 88 314 425 8 177 309 33 470 253 95 360 302 348 231 262 433 356 410 420 96 260 464 247 308 465 160 80 316 78 226 331 470 454 253 45 64 405 422 350 320 370 451 402 498 96 347 187 71 118 233 296 54 8 368 296 471 47 374 78 451 12 471 16 91 369 119 210 370 155 334 484 317 172 32 102 382 372 142 107 373 181 360 372 123 411 74 6 417 117 336 178 75 322 17 108 306 271 172 403 240 185 274 51 307 49 86 176 340 58 42 466 196 158 216 288 415 325 137 37 484 91 114 101 489 337
0 248 315 374 311 348 817 717 457 364 117 49 768 349 319 464 463 404 349 209 408 192 106 378 167 50 491 577 418 110 287 157 422 3 338 355 308 385 112 17 88 358 255 270 106 156 330 407 114 954 160 186 142 45 8 166 300 96 402 230 362 281 202 81 464 406 239 437 344 131 167 279 466 470 445 463 73 249 23 475 262 75 101 489 338 386 462 288 430 423 433 632 6 2 262 183 409 147 403 234 275 281 389 240 344 259 127 499 245 253 109 224 396 227 129 441 21 31 174 82 238 439 16 213 211 474 328 37 254 80 392 512 329 40 286 335 301 249 225 371 105 370 132 178 296 191 450 184 123 109 418 386 398 17 31 222 84 172 394 152 62 289 219 589 140 459 430
42 174 124 76 423 314 155 200 168 33 14 185 48 483 95 332 9 374 188 307 367 338 384 486 76 379 248 381 703 255 134 493 303 287 265 266 351 135 165 57 460 168 404 403 378 82 437 122 262 190 144 422 135 57 479 263 129 313 95 89 178 320 437 211 299 59 211 64 6 277 274 743 820 320 462 459 246 39 468 54 231 89 274 137 440 268 100 412 294 229 466 234 228 196 89 188 446 131 199 491 93 51 433 398 57 98 19 316 503 383 259 302 430 375 429 161 276 140 471 259 96 15 83 462 148 78 353 325 432 398 391 477 437 215 334 495 142 437 31 496 426 49 498 297 184 341 86 184 296 212 92 459 295 314 440 96 157 374 2 388 144 353 381 475 444 394
322 104 357 226 455 162 108 382 382 107 249 339 415 116 200 201 44 232 155 99 384 175 292 98 190 478 280 171 420 82 446 358 480 130 180 181 102 230 63 62 185 364 421 208 54 43 148 195 182 130 408 793 496 457 245 167 315 28 198 393 225 145 325 51 436 274 364 273 248 795 391 248 462 32 464 349 262 75 79 225 211 573 290 149 15 145 24 412 121 300 67 279 171 459 419 288 167 138 897 231 133 207 314 436 110 175 377 185 32 463 127 427 110 277 272 175 109 195 292 299 358 892 487 112 330 306 350 294 424 356 467 74 354 457 402 300 39 457 433 361 15 211 202 346 135 326 331 134 374 243 334 436 128 230 365 201 167 377 124 201 271 427 337 115 238
58 385 918 4 338 104 80 23 2 177 202 426 636 179 82 103 105 286 108 307 112 543 145 109 384 173 11 353 414 169 153 42 236 73 242 269 878 134 339 65 6 239 50 96 187 264 368 479 886 404 203 349 129 631 301 244 951 479 175 321 251 197 13 181 364 167 169 215 5 271 390 75 374 198 427 104 327 37 60 419 64 64 320 488 9 478 316 124 454 409 11 407 433 90 78 267 370 486 162 229 444 462 8 188 170 748 204 223 201 188 785 461 640 262 396 303 240 204 95 194 449 450 444 388 288 56 221 304 290 168 166 244 17 429 458 193 174 402 430 499 87 407 464 147 330 113 42 615 214 361 333 325 440 479 145 118 476 3 106 29 449 39 229 38
150 126 331 312 187 364 293 62 295 87 4 105 495 318 279 359 119 40 215 354 451 956 87 0 25 110 420 337 349 244 306 169 61 246 244 460 383 154 388 316 267 160 338 230 513 233 499 247 11 303 485 276 150 229 221 207 259 26 108 52 480 83 262 272 108 252 264 213 459 412 451 11 13 294 190 42 482 334 269 35 10 480 142 15 226 265 68 265 370 171 137 159 240 172 100 492 441 310 324 344 60 433 360 141 372 356 307 257 409 181 29 328 336 104 211 423 277 117 359 205 346 665 36 105 51 14 465 320 82 86 75 52 44 63 396 313 283 523 194 287 321 221 164 237 273 210 7 281 389 226 468 175 80 168 320 498 244 271 176 292 114 253 194
197 452 336 254 180 252 404 146 437 392 24 394 187 205 376 335 296 360 186 368 64 222 39 30 375 135 185 658 257 221 487 149 336 309 337 496 169 150 144 215 475 81 8 114 180 117 108 58 140 440 141 481 339 61 180 498 198 23 85 47 70 383 664 431 220 122 341 130 20 413 94 479 95 224 482 397 266 287 419 297 378 359 161 367 48 450 189 43 130 122 491 46 203 484 200 57 261 310 174 269 54 309 141 72 387 213 337 187 37 365 325 196 0 263 396 457 16 71 403 82 24 127 470 72 404 204 210 30 32 47 82 433 133 206 336 82 170 48 391 299 127 97 114 154 465 47 120 128 378 478 466 214 94 450 16 180 234 287 315 415 336 184
362 317 167 36 76 462 157 17 6 761 290 29 238 363 350 323 223 359 582 17 417 136 51 451 435 299 296 113 175 32 101 57 2 953 108 99 421 348 22 356 471 438 249 72 224 577 237 383 253 307 853 406 373 763 268 243 424 264 7 126 114 260 220 450 74 123 487 27 203 471 68 481 426 138 345 201 33 497 61 2 40 268 262 424 383 72 43 80 67 320 325 334 496 467 11 362 1 136 148 249 490 52 824 60 327 308 425 726 166 890 259 406 139 445 389 183 301 294 106 471 300 119 292 114 188 278 457 280 97 55 443 59 353 66 252 173 90 1 185 322 320 310 390 303 617 415 431 163 148 186 113 140 410 416 492 172 491 377 231 329 292
774 73 86 101 50 935 385 178 480 366 229 202 33 478 79 467 161 55 140 251 796 146 260 74 179 284 282 13 471 207 426 103 365 49 327 278 63 457 10 176 114 482 519 19 432 207 107 301 344 81 26 140 427 487 217 52 213 144 314 330 257 380 399 470 41 391 37 164 386 295 10 92 446 132 364 214 63 458 439 83 495 33 493 113 640 308 81 296 266 20 474 486 490 478 60 148 154 200 107 43 162 352 95 214 393 453 0 236 113 270 379 396 287 320 385 439 54 11 438 270 225 244 64 297 683 390 170 283 231 155 31 202 452 228 159 290 47 167 31 1 187 147 412 178 335 125 306 122 278 394 22 398 351 157 222 314 640 199 203 369
441 444 364 399 680 452 113 115 139 269 126 429 216 218 4 19 92 176 264 706 248 449 352 419 312 411 147 94 152 381 353 327 55 336 225 392 489 211 244 374 42 567 283 443 425 74 73 96 454 14 64 434 350 94 92 194 219 468 139 393 71 145 258 357 58 409 372 178 84 389 130 371 267 414 103 437 25 271 249 436 456 222 72 555 303 143 389 239 20 106 98 7 239 322 44 83 306 22 88 256 156 298 26 298 235 9 19 305 253 222 346 493 275 233 61 53 77 175 377 386 72 144 488 699 53 476 13 248 26 376 293 364 458 179 368 431 41 292 293 216 137 70 195 301 226 253 64 148 169 91 99 355 443 215 105 971 404 64 187
414 158 417 239 472 230 199 380 166 386 52 23 2 228 387 307 482 34 0 16 332 330 58 351 253 0 225 381 325 238 469 337 331 211 240 474 289 235 455 394 286 146 388 404 70 66 370 376 346 330 341 148 565 105 404 377 41 92 433 276 38 259 307 147 68 405 377 146 63 65 6 298 196 336 176 195 30 252 482 345 22 155 117 26 42 61 81 369 263 438 368 82 50 428 51 285 312 331 281 40 206 265 268 160 384 112 105 26 492 178 311 374 489 153 247 81 232 291 42 272 387 131 376 495 377 496 903 135 873 490 107 198 438 707 657 461 458 808 442 88 305 188 373 71 153 143 231 41 71 411 130 440 197 439 344 240 466 9
230 261 445 21 396 69 446 482 482 467 449 357 463 405 321 452 113 224 232 354 346 1 231 292 153 214 400 37 8 371 38 728 89 211 77 205 194 630 387 279 246 91 207 142 24 101 91 437 206 141 335 153 179 391 156 98 276 151 22 473 113 314 317 16 434 17 437 266 363 223 225 238 113 266 430 181 62 132 977 57 185 275 458 49 130 202 757 18 198 485 473 205 214 323 227 182 180 123 45 263 343 26 88 290 212 102 243 98 20 286 37 57 812 96 413 225 143 26 451 496 439 474 18 94 179 220 464 369 171 225 41 432 80 313 412 195 62 161 86 462 191 183 336 204 245 25 435 202 207 288 391 267 288 16 76 147 189
424 460 435 180 200 488 419 140 158 64 166 147 485 286 249 374 275 406 22 372 163 78 479 157 278 194 324 156 265 385 5 235 454 150 68 138 406 464 5 327 0 222 207 112 336 61 38 217 382 319 293 204 92 48 393 338 317 291 451 419 320 335 491 317 128 439 213 405 153 271 385 59 379 224 381 260 153 209 818 144 121 115 355 217 113 406 956 172 361 273 455 114 264 171 27 283 129 235 302 74 463 494 121 266 362 487 241 127 360 419 20 160 474 301 72 47 475 63 319 129 431 39 132 204 95 257 481 294 473 450 94 92 78 372 453 187 155 358 94 373 328 463 181 44 222 158 29 258 141 89 43 489 109 190 107 349
60 77 95 286 8 463 338 407 185 267 262 375 293 459 345 123 415 269 244 388 282 202 137 879 290 134 327 74 117 98 224 370 123 467 14 5 414 428 73 92 419 157 68 228 376 144 81 429 424 384 794 365 132 185 65 98 52 472 12 22 469 335 386 281 160 150 28 245 471 463 328 182 438 375 298 353 105 238 487 269 107 174 90 190 318 363 273 493 38 493 113 49 51 12 22 28 67 203 333 145 23 425 226 105 41 105 20 271 278 337 467 285 201 193 266 355 483 227 440 378 308 978 287 109 274 443 47 215 152 91 33 353 14 442 76 21 280 455 212 212 492 273 484 312 120 278 359 165 139 6 75 492 102 290 294
276 221 478 438 177 208 359 334 98 489 377 14 251 155 580 487 19 211 114 259 114 33 456 319 39 93 432 441 200 412 451 105 165 238 170 427 838 9 446 159 383 286 296 199 6 114 294 372 80 232 431 303 152 288 109 466 101 487 205 59 365 446 63 297 169 304 75 37 158 244 407 30 60 114 69 48 463 89 795 29 96 413 265 117 277 450 431 295 127 96 65 9 243 92 351 389 491 195 252 280 186 86 149 380 258 14 1 0 261 460 100 262 6 484 429 260 305 29 812 211 366 456 183 358 18 222 159 238 415 55 231 229 469 189 469 48 416 356 436 20 128 55 381 52 170 3 200 49 213 59 954 454 449 275
273 466 71 156 219 143 269 92 310 212 179 391 15 247 18 346 186 131 60 455 393 19 385 96 365 56 404 214 181 475 481 21 13 451 441 163 114 45 426 114 26 312 221 242 55 132 361 19 30 310 446 150 50 154 98 217 443 180 246 388 207 366 448 299 320 486 364 493 50 291 69 262 383 174 122 244 476 464 320 278 58 128 101 385 346 126 497 460 225 41 232 491 363 325 81 275 381 470 5 384 81 334 427 6 389 466 142 416 287 178 279 57 288 111 1 353 166 242 351 176 436 53 85 81 64 757 185 218 122 392 187 214 384 70 306 151 323 575 434 153 349 83 471 423 13 376 123 424 246 451 471 621 340
149 421 465 115 409 150 192 165 431 466 385 290 34 292 102 167 217 344 373 408 431 135 276 493 33 298 224 210 108 749 115 437 292 321 399 476 234 371 166 676 357 255 475 449 171 49 361 403 865 419 207 64 77 127 312 259 446 54 324 265 478 353 42 194 463 488 87 387 27 92 134 285 430 429 282 395 260 15 462 20 15 324 199 307 285 43 363 81 270 384 243 277 197 264 386 120 405 394 217 279 290 334 194 396 203 96 85 286 330 212 339 241 418 229 377 439 497 328 325 461 454 439 487 460 76 41 231 156 416 331 425 169 95 428 41 347 484 185 76 164 208 204 458 28 119 193 21 190 254 201 390 372
434 31 239 383 300 485 225 12 552 128 295 462 495 250 202 48 372 159 235 390 203 365 418 843 453 437 287 406 279 231 422 58 205 168 435 733 496 46 384 404 859 468 163 875 146 256 271 309 224 338 149 479 227 117 114 388 245 411 388 484 198 492 314 266 251 287 191 356 129 382 253 286 474 0 277 91 343 447 475 12 419 274 464 301 331 191 44 97 343 461 410 11 511 142 288 446 349 519 107 910 338 265 46 76 260 30 138 301 327 135 70 242 130 144 236 342 244 364 71 410 154 127 230 393 395 381 169 316 31 157 195 177 440 278 972 468 330 64 424 388 441 138 180 86 17 355 235 479 333 491 319
237 74 108 101 188 130 219 382 101 156 420 487 359 355 245 144 388 399 34 301 89 206 394 493 370 335 476 450 172 375 436 84 292 293 300 329 309 207 482 413 225 37 224 196 476 446 374 468 233 129 298 111 456 14 382 333 152 256 501 85 1 17 179 190 189 252 27 100 20 223 270 352 384 45 145 248 170 181 881 222 170 12 146 220 1 164 91 52 265 85 88 292 201 584 209 61 346 422 42 348 241 413 493 118 277 309 188 288 467 438 27 245 105 29 26 866 16 400 123 370 473 310 357 440 326 3 93 489 420 96 291 495 439 458 181 194 306 285 88 409 249 266 188 476 676 416 348 79 216 267
92 339 116 14 354 379 82 183 444 295 34 257 117 103 276 373 66 202 141 612 437 185 14 360 210 153 260 4 186 66 403 325 422 76 465 2 21 143 30 332 148 165 318 479 53 26 494 155 494 57 459 294 292 374 383 14 59 183 469 78 307 250 495 433 383 295 298 370 30 478 81 137 211 388 402 58 333 491 190 368 127 7 136 21 404 214 327 236 242 198 455 481 140 237 301 396 258 81 393 237 175 82 305 391 413 49 387 119 116 282 116 287 400 168 87 342 185 431 476 407 44 270 69 314 40 382 248 425 136 47 499 15 486 170 84 293 308 366 145 274 223 327 107 25 62 452 197 264 208
124 40 279 328 231 133 201 59 489 350 337 422 440 136 105 383 101 460 452 34 357 16 158 169 270 121 405 439 407 319 349 8 448 120 47 270 49 41 57 177 310 273 160 101 71 59 967 480 489 91 115 307 405 344 432 130 239 0 88 102 377 343 417 49 241 132 279 322 256 86 322 35 81 2 525 397 318 226 48 323 125 490 171 117 421 208 47 246 310 441 445 0 306 130 81 455 250 184 185 17 449 100 425 236 255 177 205 380 192 167 89 383 285 252 416 234 491 425 212 50 43 260 453 327 203 275 209 47 11 467 146 430 358 186 354 277 194 326 147 204 232 79 353 61 461 167 53 41
458 83 159 769 179 393 495 390 210 148 192 536 204 259 189 449 12 382 352 348 15 293 440 28 384 930 129 183 325 337 427 199 34 238 411 328 172 395 364 237 268 47 482 135 29 490 476 239 40 262 188 107 283 309 311 325 119 424 229 44 33 487 21 411 263 414 980 41 195 175 992 265 150 81 485 179 98 213 311 311 400 335 153 66 44 495 165 146 9 36 220 789 190 229 228 193 289 174 440 458 137 761 450 413 226 326 198 200 276 100 407 221 154 185 332 236 27 287 9 87 226 443 462 336 150 259 347 373 88 319 116 251 100 69 255 165 470 94 344 158 337 138 152 34 192 327 297
252 177 45 296 20 274 94 108 188 414 428 283 324 432 349 363 54 370 99 490 354 185 432 201 174 78 241 269 197 472 283 679 485 421 981 350 898 490 134 530 117 235 442 151 497 461 304 55 165 482 7 220 283 470 393 305 367 208 171 195 130 49 307 99 192 366 390 134 252 40 290 159 252 347 87 172 121 183 192 92 343 419 300 113 640 295 766 217 445 149 313 237 138 310 428 236 331 106 225 21 123 193 413 452 452 131 76 474 466 403 257 399 473 115 339 244 389 227 341 789 349 79 135 344 264 13 142 26 18 412 290 326 129 282 198 388 237 488 472 860 154 487 246 423 438 449
104 61 271 166 146 92 446 84 261 103 132 441 449 163 831 76 241 166 436 237 42 436 56 497 157 471 81 441 180 370 478 53 463 225 141 40 447 295 264 6 166 47 678 14 316 397 244 34 390 404 288 323 77 392 16 221 201 158 453 331 243 269 334 239 368 232 96 449 242 285 28 96 448 312 383 448 217 468 192 474 365 241 167 405 171 307 457 138 494 414 24 59 195 106 100 303 194 253 79 253 305 11 157 126 89 209 306 95 394 409 4 300 217 53 211 410 196 454 344 11 310 66 126 855 227 193 375 489 366 101 78 216 106 140 427 279 122 155 248 104 292 44 238 328 315
87 260 365 295 468 103 16 278 423 365 321 305 330 376 221 232 263 393 398 157 437 150 225 538 45 392 453 127 416 348 394 183 35 36 364 313 438 93 9 413 397 163 352 395 107 57 443 456 100 101 192 440 386 995 79 147 76 430 491 82 130 446 14 429 195 41 134 98 11 327 402 85 307 251 212 166 375 261 280 126 112 89 88 402 262 57 441 107 423 98 130 615 81 875 921 316 36 50 199 234 92 19 215 48 114 174 461 58 308 492 70 145 206 361 411 262 366 165 359 468 367 249 115 380 154 139 293 194 173 188 147 77 108 40 488 643 453 19 27 246 267 255 334 75
198 126 318 477 253 38 330 664 96 474 56 306 256 134 295 29 356 122 470 451 280 994 209 98 65 186 438 412 207 177 113 290 45 207 63 7 272 324 64 215 205 445 95 325 356 257 308 178 477 296 188 147 84 342 82 493 365 351 250 470 340 82 625 359 111 8 736 48 294 99 258 299 430 379 7 336 409 259 122 81 373 2 421 498 251 7 28 563 178 271 423 37 368 455 40 165 399 906 488 495 216 404 288 138 417 71 131 477 128 392 51 101 216 309 389 304 110 378 145 362 467 281 213 305 85 243 241 446 286 160 70 53 458 170 283 382 411 361 177 154 321 265 318
152 389 96 144 369 404 465 19 328 69 458 208 130 471 822 95 360 128 38 104 395 427 25 13 65 143 633 380 476 15 484 666 300 380 787 71 464 242 246 448 58 264 493 97 139 103 193 420 384 312 121 237 158 359 26 272 4 174 316 112 359 495 52 485 234 87 387 116 135 219 357 182 427 435 354 166 233 277 123 479 382 242 68 985 489 479 156 67 974 211 685 309 383 104 126 182 262 44 175 97 392 188 128 451 273 411 321 268 245 116 236 20 106 123 315 196 303 303 327 49 69 168 25 239 436 711 368 309 276 231 11 428 252 329 53 401 246 123 219 88 313 232
352 471 124 139 110 318 483 102 380 392 499 65 199 38 105 208 25 206 55 465 300 55 967 273 319 195 120 180 415 409 241 31 24 12 159 41 282 363 150 441 350 483 365 64 383 370 483 474 114 125 269 237 257 56 60 213 43 409 285 329 125 346 411 134 391 3 56 62 398 175 428 140 433 354 351 230 29 35 166 181 6 34 168 216 374 309 489 132 36 371 22 227 109 349 133 32 94 252 12 769 179 466 409 42 253 92 297 310 402 397 218 62 73 117 125 906 492 93 16 271 234 320 194 402 368 465 492 163 199 87 72 139 47 245 225 51 399 163 394 149 113
188 474 69 275 7 168 22 458 179 338 125 74 18 55 57 54 305 308 491 169 481 443 92 44 154 207 292 82 51 456 42 15 169 240 213 109 354 140 153 200 245 459 251 614 405 207 37 789 351 137 77 389 924 412 151 254 98 193 181 247 918 377 383 38 466 322 495 158 187 42 258 227 298 46 424 112 867 411 93 315 110 3 165 249 53 386 249 303 154 21 425 229 377 210 244 464 309 33 243 6 55 459 242 53 142 77 249 288 9 11 350 147 494 5 326 224 25 430 225 133 424 268 257 328 60 127 338 45 256 385 236 362 184 361 149 45 217 494 86 253
419 203 339 346 479 373 389 22 442 192 291 496 114 477 396 236 243 383 285 147 165 930 82 397 20 341 126 304 259 478 50 47 133 338 1 50 70 177 205 280 90 404 337 186 27 234 123 110 187 124 344 184 259 187 414 211 489 110 265 320 337 213 50 906 136 354 183 177 209 154 151 293 4 489 157 277 30 321 206 265 134 380 416 111 361 181 352 65 469 234 299 320 153 119 17 227 162 73 374 223 101 347 126 553 131 189 151 225 361 27 472 445 278 268 308 197 129 136 307 182 283 127 368 148 208 352 140 137 93 440 434 495 282 234 323 980 209 130 164
456 51 144 274 323 489 256 5 253 246 352 216 410 471 362 215 121 335 71 130 120 59 482 398 77 193 329 154 155 349 293 412 16 232 200 183 34 393 236 58 403 68 293 306 61 289 363 29 206 464 173 260 393 178 153 211 365 300 117 358 121 415 45 18 188 404 459 367 106 60 183 268 84 479 195 26 412 208 174 138 343 361 290 290 63 245 219 420 68 405 86 199 83 255 340 14 373 95 420 448 496 12 427 271 274 463 29 419 94 418 190 9 89 156 58 3 470 235 338 286 205 174 192 395 172 129 17 38 13 469 124 140 354 20 450 342 267 104
40 482 472 287 428 250 7 243 117 243 346 414 284 404 340 341 163 291 448 281 303 435 63 254 275 379 31 0 53 470 399 282 172 39 337 165 293 378 473 184 306 308 584 689 454 315 349 5 194 422 399 171 11 428 88 10 117 394 264 120 227 478 85 281 373 401 141 121 271 317 212 73 6 87 307 220 327 431 385 561 254 378 210 475 341 339 166 398 398 437 259 32 478 367 249 414 95 173 264 439 274 362 187 101 65 463 32 347 41 71 180 7 279 7 492 281 76 472 220 408 65 15 343 32 36 276 395 91 25 482 283 315 264 254 246 60 299
106 470 394 350 464 44 438 441 486 18 234 158 236 182 97 108 196 113 204 183 254 376 326 356 481 433 466 355 336 441 306 332 176 261 401 327 209 299 14 184 443 486 84 145 411 65 390 213 306 19 544 85 221 283 461 248 77 414 286 16 361 477 295 451 162 473 321 236 83 344 495 419 297 62 373 414 220 424 41 341 154 480 496 30 308 20 138 133 203 319 157 103 256 297 315 254 4 335 392 389 1 124 473 295 29 70 283 265 28 163 372 419 383 69 24 160 447 340 399 375 351 435 137 92 322 426 22 303 737 38 231 253 20 393 372 232
106 492 288 350 338 159 302 381 387 292 5 233 319 770 86 181 0 478 272 275 231 199 332 131 118 435 243 150 335 454 217 118 289 278 2 404 295 171 350 161 318 384 29 399 208 382 370 388 422 361 53 367 134 228 565 41 230 304 510 54 319 416 94 345 93 36 295 321 450 235 66 164 121 169 174 424 2 329 290 677 147 387 187 438 252 205 106 75 110 623 297 222 484 205 192 272 59 300 214 343 264 395 169 66 264 8 194 393 335 305 416 121 224 324 100 406 480 135 401 275 121 28 121 369 481 56 300 301 287 36 291 335 69 348 407
11 202 80 331 313 146 285 219 143 0 369 163 312 391 29 36 386 384 349 213 29 103 481 0 298 96 171 274 281 140 261 128 379 220 601 40 278 81 354 467 326 72 109 232 83 160 283 157 192 311 80 484 120 317 305 14 332 367 258 91 16 90 383 12 321 89 376 224 498 428 110 260 257 335 364 111 233 372 498 442 177 33 408 64 416 464 163 356 279 235 312 154 34 474 41 71 458 374 439 237 342 81 460 298 65 435 114 284 428 55 425 5 133 278 218 296 307 291 3 376 214 129 277 91 373 257 71 185 146 126 489 182 494 141
124 381 310 312 732 255 189 340 56 724 15 227 17 8 74 455 86 56 255 232 25 210 266 238 389 262 281 226 183 307 294 318 135 106 92 396 321 208 120 0 464 342 53 388 313 208 80 252 178 410 180 253 357 339 261 198 224 115 191 42 307 148 397 228 68 203 211 172 145 7 481 214 263 167 245 25 238 120 79 117 166 317 78 423 500 182 294 484 115 350 243 465 376 153 385 395 44 433 238 155 397 305 420 107 152 106 291 156 121 452 173 395 439 989 273 267 110 0 420 425 378 641 738 412 31 486 188 482 493 461 482 74 196
128 364 138 332 401 165 364 485 92 123 69 471 238 288 65 4 427 316 417 142 294 53 90 410 295 323 61 429 209 487 260 359 26 470 212 357 159 74 215 15 412 5 300 277 172 421 120 497 121 242 67 346 183 225 464 11 408 462 345 140 7 33 27 360 993 174 336 322 248 425 70 322 232 51 119 186 267 238 261 493 184 382 356 474 10 337 289 330 138 360 186 224 245 440 447 105 475 68 195 100 209 203 312 982 321 76 199 300 63 472 339 129 134 236 135 359 81 936 42 718 243 199 611 327 113 423 421 426 362 96 381 177
108 288 81 463 197 286 387 342 468 431 231 236 273 424 469 72 495 341 63 27 200 205 21 173 434 312 801 117 68 357 357 283 114 136 43 430 62 271 172 269 455 123 336 270 51 489 25 33 487 73 375 1 202 31 223 28 364 61 498 136 380 0 264 226 495 402 187 206 330 440 182 391 94 23 79 420 203 256 112 207 127 424 330 45 387 145 166 206 123 203 485 330 141 365 113 125 352 748 192 79 367 88 416 59 486 148 176 33 73 9 482 101 10 422 37 62 381 171 473 330 262 469 185 48 305 108 93 412 347 32 328
498 287 169 355 133 172 251 330 349 61 80 222 35 136 331 128 312 255 316 373 337 435 329 351 493 379 5 763 295 14 191 123 338 120 217 46 126 182 49 270 108 211 189 133 141 69 150 258 251 260 214 38 437 393 57 491 369 283 488 324 63 447 93 94 403 377 354 214 21 186 1 51 443 87 175 118 96 437 152 108 68 402 311 11 461 453 326 368 4 385 304 188 47 76 341 317 425 286 122 222 114 183 334 182 413 165 499 490 655 468 77 382 75 400 176 477 206 29 116 38 423 305 358 334 123 428 81 391 101 291
150 379 318 468 279 230 239 137 241 468 83 491 169 307 10 154 264 295 90 102 375 82 113 344 406 454 247 130 155 173 250 283 453 329 284 243 1 56 140 447 333 181 222 164 140 367 79 280 385 466 72 20 55 336 187 16 324 345 420 108 144 42 157 104 401 391 244 467 204 239 424 183 95 129 498 480 205 107 145 146 233 129 156 428 111 195 219 322 107 211 186 385 436 171 33 78 480 294 474 4 328 456 167 222 198 219 343 228 353 59 1 496 90 333 391 336 432 312 215 175 105 432 131 121 83 488 18 475 299
405 331 282 49 567 302 350 168 267 35 366 40 314 133 130 390 498 172 358 214 326 107 273 52 258 461 468 408 212 412 284 86 233 446 25 278 295 224 72 183 498 364 348 190 185 191 260 385 219 135 132 389 438 485 194 37 352 351 250 8 51 480 209 421 193 264 93 433 317 25 341 8 240 466 28 499 311 19 47 521 232 265 168 89 372 139 264 268 12 93 87 179 7 145 170 39 74 308 410 164 136 190 128 294 496 19 328 167 589 120 401 20 450 357 340 449 875 553 297 72 447 24 431 453 137 259 0 494
375 110 0 360 477 398 280 315 447 481 499 861 403 462 148 300 621 483 322 915 220 369 15 399 236 487 335 170 223 103 85 224 433 50 451 412 123 25 435 425 377 155 124 486 232 137 130 91 204 296 117 57 398 393 128 315 171 443 413 334 337 152 423 58 492 285 452 218 883 107 140 137 477 854 121 950 241 470 105 14 264 491 97 292 265 161 327 241 382 126 418 220 75 42 28 407 239 50 21 372 321 109 427 315 115 237 273 433 189 212 543 308 273 40 430 235 131 331 216 217 402 86 399 377 324 106 134
73 467 125 280 11 292 191 43 175 32 240 428 46 93 239 170 103 378 263 420 472 130 297 151 439 446 415 234 321 460 335 152 474 107 67 411 471 409 171 150 321 376 380 266 175 224 159 121 73 99 293 399 393 350 74 436 150 364 15 137 268 420 417 209 384 268 279 432 360 307 67 427 208 434 447 31 474 379 277 15 87 365 1 103 56 476 143 323 20 380 104 454 10 128 237 151 193 233 441 493 21 415 322 3 450 403 315 371 800 145 253 422 329 244 376 260 55 180 178 48 67 395 442 63 270 299
302 305 414 355 314 776 36 416 40 184 473 118 400 195 13 367 477 161 139 211 448 38 490 425 249 27 396 449 331 439 277 174 352 179 178 198 433 60 219 19 290 31 325 324 393 313 709 413 39 196 208 115 295 134 895 164 120 196 35 221 157 426 31 284 55 265 7 197 146 225 159 455 31 284 480 405 102 298 487 210 918 243 82 16 269 74 376 140 250 368 95 68 347 432 464 382 472 235 235 465 149 483 144 17 456 168 457 152 343 127 452 406 23 2 423 41 337 255 207 158 223 373 310 217 374
428 48 48 358 245 355 217 111 377 233 449 111 85 431 229 13 70 176 211 456 317 52 262 243 102 466 241 391 260 262 37 289 256 490 117 434 168 711 382 83 53 224 822 278 424 199 14 15 269 467 318 19 321 105 428 7 209 397 438 195 490 192 72 420 320 236 181 310 322 35 455 126 451 379 465 165 58 409 180 137 426 173 254 404 20 105 355 497 202 322 392 342 273 192 5 407 390 232 357 28 244 142 145 379 145 271 497 138 2 61 154 140 311 305 261 266 479 198 338 358 268 260 165 128
39 437 428 471 35 127 89 56 419 6 263 258 276 136 27 263 59 310 461 399 95 453 375 421 139 414 10 82 266 198 178 350 395 261 38 107 191 109 4 93 313 181 334 491 48 250 455 32 179 398 236 66 441 403 425 113 190 102 446 131 282 433 77 194 165 114 475 124 90 333 95 195 343 344 718 155 34 356 204 327 329 219 357 105 455 412 227 283 310 266 95 123 107 193 66 315 156 33 18 140 369 228 306 650 142 290 182 333 136 472 490 534 889 486 4 25 232 44 424 29 317 262 80
413 257 210 336 254 126 442 320 321 922 423 140 406 21 473 171 153 323 812 250 160 454 67 339 413 4 26 113 382 53 333 362 170 152 255 372 253 46 385 245 143 15 48 357 72 79 159 268 360 432 365 16 410 142 413 87 366 103 164 217 99 305 309 381 141 276 34 182 479 68 257 224 124 278 239 278 488 294 6 430 437 361 354 39 415 444 402 458 95 157 424 417 30 309 172 180 350 445 253 65 65 96 343 133 98 373 138 443 116 393 20 288 448 344 9 96 3 372 456 496 88 394
315 148 290 248 223 444 401 75 393 41 498 482 48 489 476 95 351 451 386 52 366 115 38 212 24 22 162 119 424 421 341 375 313 407 120 60 185 264 211 415 901 191 498 294 590 216 179 35 224 427 153 431 291 323 358 361 101 142 77 359 238 360 3 26 165 946 455 360 100 409 435 43 231 387 213 781 113 377 474 387 371 482 434 370 397 267 408 322 174 72 323 485 181 313 193 304 89 272 427 480 162 250 381 372 69 488 220 441 383 177 137 210 377 289 172 461 206 371 196 425 451
451 208 301 231 189 379 70 35 454 328 236 421 104 330 415 73 379 486 455 478 227 25 92 329 43 43 440 291 273 847 61 74 443 433 132 374 304 306 210 460 279 379 357 43 391 141 246 205 4 211 488 367 280 72 257 53 429 79 331 148 478 224 258 490 201 393 480 827 113 529 714 324 364 227 321 316 206 254 43 94 294 256 382 174 495 493 225 375 459 45 70 125 405 272 108 114 205 180 299 318 213 452 436 323 80 485 325 114 285 154 312 675 473 408 3 339 209 41 384 360
96 96 310 153 376 14 36 63 190 11 291 499 375 220 298 120 56 387 477 231 273 100 163 318 22 115 358 458 326 286 186 40 401 120 185 90 87 18 296 29 881 333 342 409 244 324 283 153 712 171 406 49 186 432 267 197 445 58 206 210 229 143 452 219 153 130 13 106 143 360 13 99 62 22 551 406 139 300 242 324 223 161 150 66 215 35 128 153 37 272 489 165 407 268 28 204 425 333 324 30 56 233 339 207 308 115 234 0 485 461 93 310 57 447 271 135 193 372 385
102 387 293 398 241 23 398 167 5 348 401 172 273 245 104 331 179 147 307 154 288 382 466 351 255 207 15 204 263 360 183 208 160 34 281 305 247 114 348 418 132 7 131 215 137 235 253 71 152 472 26 329 254 105 19 132 306 189 9 172 44 327 20 364 410 115 129 298 342 123 442 159 138 46 50 403 772 261 5 13 462 359 92 418 1 266 100 80 81 7 35 81 688 114 480 489 210 253 120 181 40 403 353 372 239 168 78 131 488 396 495 439 485 479 22 101 487 423
38 11 234 223 363 282 64 418 6 15 186 97 235 474 275 446 296 367 226 30 332 475 139 387 171 199 297 225 491 6 286 269 436 269 354 428 188 379 88 307 283 975 131 319 113 377 300 383 263 290 289 115 355 263 274 159 26 276 245 316 372 174 363 143 443 263 337 464 403 119 368 488 110 231 145 382 358 110 219 22 327 652 458 396 119 2 256 240 95 413 378 193 232 431 34 287 285 71 10 199 327 308 328 346 295 16 63 275 466 37 328 45 103 993 430 404 24
186 339 333 262 28 16 88 31 18 235 353 4 266 475 294 440 357 11 137 226 91 423 473 130 42 203 269 287 489 441 160 167 487 125 14 152 64 251 292 193 159 253 98 416 57 334 433 186 199 350 791 336 350 31 245 237 422 343 461 351 112 427 475 35 59 107 37 3 297 107 49 35 491 497 454 415 482 392 287 134 480 397 115 136 254 200 150 335 455 369 487 348 202 363 186 81 275 397 291 334 139 111 432 336 436 32 296 175 183 261 321 83 297 288 319 146
96 478 5 169 907 217 391 837 431 426 385 451 455 191 79 202 298 100 37 36 332 235 301 448 94 217 59 494 426 83 292 235 267 112 382 374 452 479 322 227 303 65 223 151 367 72 303 249 314 307 447 40 461 145 392 28 753 343 475 253 396 889 257 546 490 160 180 50 252 135 408 469 386 462 73 185 32 246 311 158 328 269 39 375 361 381 330 25 63 425 144 446 449 471 383 303 323 376 751 494 450 480 76 327 116 269 402 215 416 303 360 157 78 497 481
33 15 950 50 822 223 17 856 49 11 481 245 274 153 253 45 125 369 199 235 341 225 412 363 335 401 384 42 287 369 234 428 435 354 481 361 420 35 144 464 0 220 387 292 4 200 323 459 327 51 365 164 900 350 781 203 297 117 89 428 167 105 263 328 427 260 222 15 58 398 333 75 169 202 45 379 384 52 50 492 449 251 131 248 167 153 41 927 83 182 297 159 425 255 33 422 288 132 237 99 324 276 350 54 352 259 466 503 83 93 437 89 425 173
44 350 350 132 92 295 35 391 82 86 270 385 32 170 219 14 282 646 83 465 193 324 235 181 212 300 348 75 458 529 230 273 267 171 238 149 34 90 225 487 62 434 221 165 20 127 854 434 196 327 9 129 404 298 240 203 265 349 203 46 319 74 421 419 315 318 162 402 7 888 383 200 282 66 342 94 152 302 252 404 172 223 360 496 185 447 446 45 194 103 252 190 1 49 292 463 325 77 266 418 118 23 207 205 370 255 242 467 198 30 170 116 58
285 168 127 49 232 362 339 222 617 144 487 452 265 62 473 53 101 239 288 248 348 16 430 341 181 376 218 52 404 22 247 18 374 8 180 475 173 155 5 123 428 70 17 355 58 111 466 143 224 80 474 210 282 363 179 297 163 440 342 455 4 422 419 104 25 304 148 413 277 225 339 91 139 303 193 168 94 248 404 322 382 333 499 389 227 422 312 260 161 479 167 43 5 142 205 23 112 488 88 349 344 328 157 444 335 389 293 313 218 244 272 440
186 854 487 340 843 104 333 303 45 347 121 295 35 148 430 301 216 109 190 240 200 489 455 80 435 458 127 451 145 496 431 231 425 80 126 154 351 206 231 190 88 179 464 89 284 339 328 348 63 686 408 510 191 319 213 287 269 414 137 14 37 398 27 52 223 186 472 390 227 262 208 465 441 148 20 339 193 36 389 197 481 355 364 355 921 199 91 475 106 239 65 402 386 472 354 111 147 233 413 113 238 159 185 131 658 48 481 466 37 224 279
231 473 529 212 242 287 95 2 134 288 231 18 18 405 166 222 199 137 252 365 123 141 17 262 474 471 410 371 358 269 352 152 224 220 467 203 304 208 245 36 182 135 461 435 235 366 158 393 70 79 427 917 224 251 117 24 968 217 614 279 407 176 296 107 30 238 169 420 214 361 9 3 349 302 314 322 465 64 254 38 486 458 146 183 455 141 434 269 406 408 49 391 240 564 322 191 431 254 483 49 146 214 173 425 256 158 485 50 320 320
453 349 904 405 414 148 94 406 104 15 236 463 218 460 223 265 396 206 20 368 302 373 244 490 259 44 142 139 482 287 416 441 220 197 364 257 46 93 151 167 460 457 221 443 133 375 454 600 445 631 284 321 329 204 158 474 143 47 101 392 358 69 105 296 142 172 26 425 98 432 143 68 493 274 51 11 387 318 74 217 290 394 558 493 313 490 270 169 199 105 379 205 207 264 242 277 39 345 169 259 11 379 590 276 391 96 496 44 347
75 422 483 178 175 65 439 45 11 202 140 197 304 41 239 207 304 456 263 355 468 195 251 232 13 479 483 39 34 449 289 461 492 76 327 53 334 383 356 129 343 76 475 64 247 39 62 78 221 39 462 35 10 122 70 21 209 72 175 443 380 422 403 222 287 114 432 287 179 474 79 17 467 252 16 461 218 213 149 83 415 323 303 378 153 91 220 451 213 327 53 346 178 46 914 201 239 390 275 449 39 386 353 402 389 328 134 439
217 487 385 66 315 411 274 149 298 326 416 136 100 477 384 413 384 307 257 478 496 454 320 230 152 57 62 323 486 170 219 478 460 440 26 379 215 341 350 306 61 474 479 7 10 222 490 206 706 111 312 214 234 594 90 554 475 310 497 96 431 116 224 290 343 469 2 491 245 187 336 239 7 1 404 33 219 69 379 480 264 147 29 379 497 140 134 274 181 16 590 118 30 468 320 176 14 358 352 109 131 458 255 460 146 257 60
36 263 424 424 455 466 27 333 492 197 386 219 401 156 8 415 60 157 71 472 203 69 47 54 57 399 238 424 479 244 215 259 75 350 497 217 476 364 483 491 378 42 98 209 876 238 666 449 174 14 4 435 332 321 60 229 436 207 43 451 202 475 199 148 291 448 237 373 118 227 330 441 179 72 78 190 65 245 258 851 257 139 281 222 181 28 4 368 389 13 392 431 461 269 188 319 402 393 292 568 350 73 274 31 42 427
63 36 302 447 171 378 416 167 256 369 336 399 412 408 372 372 310 21 50 0 480 237 174 389 118 468 66 104 137 482 231 79 96 415 310 59 147 201 71 66 414 203 41 127 168 388 421 439 290 132 159 494 25 310 147 401 103 259 128 234 96 422 287 369 423 484 242 12 80 162 151 135 83 540 234 886 240 257 81 168 593 932 403 290 860 49 440 63 406 421 56 329 215 386 293 163 290 458 213 224 451 477 198 8 23
490 17 498 20 138 244 414 222 383 363 412 177 107 217 40 424 459 28 3 409 319 414 199 182 43 499 58 128 3 35 416 498 450 418 70 215 260 76 293 144 235 278 296 252 79 454 329 325 400 458 286 216 268 356 311 87 0 37 326 294 40 23 155 275 311 195 353 423 63 327 557 98 496 316 166 248 166 440 60 441 262 113 457 22 494 373 133 461 315 225 324 327 491 340 121 359 18 198 353 358 54 20 22 293
163 74 354 450 12 237 163 180 118 262 476 372 324 28 431 300 300 126 260 417 169 241 311 490 10 42 21 125 454 259 336 209 60 74 248 459 96 260 165 149 70 64 286 394 335 198 3 31 23 493 130 377 294 258 283 144 281 468 257 375 354 425 284 26 266 38 148 65 111 194 158 193 474 107 13 103 403 70 12 123 74 244 343 175 492 236 430 69 47 411 213 454 255 477 408 196 118 346 70 144 120 273 101
196 210 444 32 369 115 340 490 12 36 222 485 94 498 330 244 480 122 3 185 20 296 188 389 174 11 73 247 426 328 40 20 206 448 249 132 410 199 321 496 138 83 467 201 76 254 473 318 331 35 36 257 391 26 104 472 385 330 223 125 257 346 388 38 347 119 200 119 103 257 100 460 177 344 180 244 411 309 443 306 844 344 463 425 233 364 355 499 221 482 460 369 143 427 216 111 174 173 61 482 176 294
309 373 272 6 292 152 12 350 298 430 212 165 235 401 334 175 345 416 150 168 145 324 170 230 468 27 17 854 131 389 209 497 392 96 376 281 91 379 143 9 406 44 130 102 393 114 68 427 56 193 36 111 65 317 278 324 168 406 170 164 298 260 169 420 374 283 105 407 330 359 456 292 445 70 264 50 243 206 229 263 18 440 50 293 204 391 65 149 421 469 470 124 182 232 146 259 54 227 383 374 456
478 222 73 141 491 280 161 451 39 431 468 70 364 66 483 171 308 709 320 338 498 416 285 332 387 42 387 276 16 66 198 77 370 299 440 529 427 387 148 145 151 440 233 97 201 226 479 340 239 48 58 344 378 86 216 187 259 454 316 233 570 318 188 230 49 197 318 422 293 457 443 147 336 109 123 294 323 411 65 178 143 232 294 441 361 486 16 151 326 26 429 392 446 234 408 378 82 281 75 247
71 402 305 443 332 445 378 169 165 236 352 146 126 338 333 179 460 166 71 57 90 93 55 266 226 451 481 449 449 267 182 440 412 370 483 408 61 42 109 275 265 323 173 334 43 257 82 150 321 104 257 396 230 41 125 445 96 305 483 495 78 258 55 481 460 244 248 187 194 110 372 206 454 490 420 61 198 271 162 488 194 320 11 124 337 408 248 299 106 404 356 33 381 480 484 199 495 145 165
279 82 250 60 373 201 366 8 40 75 46 65 179 890 72 257 321 293 87 171 44 374 91 221 6 486 7 162 197 130 197 53 380 331 414 277 29 36 11 109 178 178 67 190 483 284 350 210 68 157 822 51 170 79 180 33 287 969 268 928 392 307 260 25 383 456 174 462 404 92 25 152 311 192 242 41 202 122 116 111 300 437 280 416 483 37 21 266 406 354 115 24 11 303 198 449 107 957
222 268 109 297 476 393 203 247 331 104 222 247 136 491 454 125 447 237 62 91 167 152 129 186 216 66 58 458 342 484 264 50 101 182 496 216 167 307 47 460 410 428 470 31 343 103 89 125 425 322 68 223 442 448 76 383 126 383 117 249 298 279 66 167 12 405 266 207 407 431 462 395 246 280 419 482 208 295 461 397 207 193 8 476 369 434 366 386 486 371 353 214 136 309 350 420 203
473 430 0 740 57 496 333 424 758 352 172 173 98 290 10 137 971 94 226 14 413 243 316 361 369 169 459 433 271 147 174 114 865 8 153 482 0 162 0 184 174 365 41 448 408 189 50 179 459 190 181 407 214 415 43 396 126 317 454 0 152 417 471 269 434 101 24 381 332 327 378 82 445 366 57 214 342 429 54 416 327 401 149 85 456 251 353 362 29 94 237 387 1 281 72 311
207 120 335 456 454 359 90 98 163 40 324 887 40 283 6 322 423 178 39 52 248 314 281 146 71 374 175 412 817 358 454 469 317 289 412 269 486 287 279 27 291 150 10 155 201 377 143 183 468 250 53 816 257 96 42 487 187 276 236 96 429 89 75 163 339 341 142 274 107 298 39 322 201 4 116 173 14 341 343 212 90 155 264 156 408 249 70 14 490 297 255 499 189 448 41
861 490 123 13 272 218 276 409 288 443 455 8 335 191 391 8 437 92 479 309 53 381 390 280 207 160 447 330 381 436 37 10 419 89 259 77 726 46 33 377 78 399 202 351 71 235 277 485 41 151 154 190 260 147 26 268 202 88 277 192 6 303 383 20 80 169 417 218 374 344 310 415 7 433 186 142 246 174 341 301 294 314 118 441 495 470 130 114 183 39 188 405 141 213
211 90 442 134 78 456 186 83 274 211 470 246 193 280 228 293 154 470 386 342 393 496 482 104 65 346 25 184 87 133 291 311 404 260 219 759 301 107 407 64 22 401 250 445 325 156 424 400 217 487 58 330 275 89 183 90 159 208 153 336 230 69 196 105 78 177 212 265 155 319 481 75 345 69 216 315 189 68 176 362 189 260 206 319 406 51 60 231 400 160 147 214 149
307 332 18 206 547 144 243 286 72 356 463 195 551 124 12 10 375 94 0 426 449 77 221 440 45 314 385 473 878 475 447 189 240 447 70 491 217 325 426 156 483 484 65 452 95 118 99 19 268 295 497 176 394 77 355 108 301 149 168 221 219 421 266 5 360 256 38 297 287 449 453 37 194 320 8 461 202 193 281 260 273 95 222 188 187 156 449 223 414 469 185 417
21 156 116 297 492 480 222 416 305 30 409 475 218 21 177 189 50 199 437 858 13 118 139 65 332 191 373 336 312 486 136 63 73 242 777 78 290 76 445 337 268 270 177 332 132 16 247 336 36 102 320 479 212 151 199 144 817 142 364 115 487 343 404 253 416 321 240 135 12 465 288 207 154 421 390 48 110 234 419 495 41 259 322 302 122 523 110 152 346 125 109
4 299 458 470 347 0 426 334 140 244 114 354 102 392 161 16 69 430 310 149 221 391 110 10 384 131 67 409 281 72 71 162 260 172 481 69 327 763 208 562 702 372 186 76 63 358 248 430 193 431 147 184 462 364 19 92 27 228 312 352 383 129 70 487 182 362 69 194 375 88 173 337 348 183 116 338 289 413 296 453 260 784 152 296 131 451 397 417 378 427
797 486 7 103 328 421 383 458 345 128 366 74 443 478 346 261 77 83 372 131 339 472 152 263 202 15 531 127 81 473 361 113 97 152 92 256 138 12 285 414 207 144 337 307 32 410 277 21 477 11 369 2 230 356 67 471 409 390 198 318 491 191 481 39 219 446 42 374 412 375 358 19 249 110 251 50 34 233 31 481 460 384 299 300 440 309 12 112 157
268 293 127 167 340 17 215 176 218 190 151 485 339 114 90 108 77 268 283 433 454 315 256 173 179 806 179 99 210 272 186 297 246 438 410 37 364 61 58 484 383 27 269 243 103 411 345 388 426 209 202 335 222 374 258 234 207 231 78 417 347 478 329 186 219 188 203 112 382 286 49 431 107 241 123 224 240 387 302 429 60 88 487 462 56 270 499 297
493 109 117 227 149 270 473 917 65 20 62 294 118 139 231 469 315 216 289 53 33 454 344 574 140 352 462 124 189 106 360 219 396 136 328 481 184 368 418 84 493 308 419 369 473 148 15 125 490 461 94 278 371 370 150 173 117 102 7 283 420 298 283 128 490 437 298 19 159 305 261 251 198 423 226 210 487 350 147 360 373 215 48 494 50 441 38
272 432 408 378 987 262 75 277 352 411 330 261 265 459 424 464 256 400 361 116 41 339 396 166 174 459 147 374 491 5 14 351 192 84 229 84 442 99 440 451 490 321 66 164 30 107 77 324 133 77 315 471 9 386 446 16 267 37 316 49 335 80 250 69 257 330 489 115 203 222 246 279 147 365 50 440 479 268 465 238 228 30 172 320 348 87
240 169 343 186 478 423 287 29 352 468 259 450 273 340 409 295 119 34 395 253 156 467 164 478 331 128 47 54 213 248 408 79 63 197 109 207 353 137 459 473 372 192 261 15 92 184 357 427 1 89 310 449 147 342 489 252 463 324 407 427 180 445 126 405 242 272 11 228 286 11 279 215 102 217 260 86 386 749 463 98 108 147 472 209 251
377 246 407 462 448 91 293 247 125 130 250 454 398 495 364 352 349 366 425 183 83 328 14 60 53 495 159 38 11 393 276 89 65 42 470 7 726 121 481 246 214 95 438 882 411 978 24 251 100 390 219 298 430 201 444 409 398 72 407 97 51 428 222 244 148 410 109 18 213 483 147 435 54 355 200 22 247 380 371 416 266 209 50 944
231 155 275 157 234 204 278 472 234 330 72 460 320 466 366 300 797 474 202 40 272 92 409 182 139 124 130 438 497 464 314 123 56 201 164 225 28 249 79 860 360 391 178 178 219 214 223 128 465 90 315 444 372 111 76 251 185 104 12 337 155 487 278 225 42 321 327 460 160 224 294 36 328 139 147 497 203 10 0 430 39 295 213
424 378 336 390 124 319 214 254 294 358 193 387 146 426 265 235 406 994 229 48 320 104 105 112 213 74 329 462 338 402 360 381 255 261 311 410 45 71 355 384 452 401 620 224 324 42 254 117 231 342 215 105 76 483 291 496 283 158 269 281 369 306 491 59 337 443 163 373 35 271 394 185 115 259 154 478 281 24 280 492 104 268
292 136 249 130 431 212 126 154 44 232 278 67 162 278 266 59 214 119 157 113 473 2 284 466 72 316 81 102 302 405 316 248 150 454 326 271 302 195 286 282 491 267 438 334 86 362 103 194 62 199 323 395 199 130 118 393 38 475 330 146 250 423 392 474 138 278 340 467 112 210 308 210 298 248 227 121 211 356 263 450 232
2 222 440 683 462 205 236 31 403 486 15 358 139 211 122 420 237 134 378 376 241 126 54 272 905 376 241 488 132 431 308 331 359 353 707 274 145 329 67 189 151 244 9 63 400 421 316 47 63 364 229 276 295 71 146 110 146 350 375 107 49 377 0 125 475 492 258 56 316 203 210 230 447 417 420 37 347 26 165 229
199 230 110 298 441 236 302 361 484 235 265 258 28 143 11 728 461 31 412 384 402 466 437 31 161 324 444 223 144 495 187 256 425 245 178 131 2 75 250 423 142 158 488 334 208 393 199 342 70 371 393 316 124 419 237 320 298 365 341 267 210 491 388 5 467 464 422 235 291 235 238 84 181 255 257 267 290 217 446
321 461 455 257 410 226 92 580 177 9 484 167 83 258 302 22 276 418 23 429 306 447 60 426 254 105 47 43 224 266 173 78 373 935 344 357 267 439 107 351 301 384 438 150 92 23 217 491 453 53 67 386 275 367 91 191 192 57 25 221 343 347 209 373 328 468 336 411 151 56 120 186 282 119 294 10 182 498
379 445 76 14 354 11 312 702 491 427 45 54 297 197 262 306 235 90 132 139 314 204 134 124 142 402 326 319 165 371 245 466 432 254 232 353 155 155 319 397 388 408 46 287 247 10 126 170 93 436 355 205 467 156 488 448 149 297 226 496 437 422 140 468 412 465 434 263 47 270 473 420 107 424 83 89 304
496 47 27 246 337 415 329 265 448 256 159 277 389 394 301 117 413 0 68 16 842 314 111 424 103 186 226 363 449 359 932 243 359 409 187 427 164 353 280 291 394 183 342 90 105 165 295 482 233 461 389 172 133 320 371 257 236 69 100 68 437 272 195 117 367 295 248 223 237 96 37 369 412 321 177 117
160 157 177 90 299 91 276 198 302 323 456 259 116 276 313 99 294 264 166 253 388 99 370 186 396 426 417 404 444 154 63 278 184 176 288 76 394 266 132 844 225 13 156 257 24 193 430 187 139 436 6 95 122 375 202 29 393 473 180 111 304 437 424 187 252 115 143 156 401 62 350 821 30 0 167
123 302 177 271 64 40 240 51 363 333 488 148 426 196 26 225 250 170 164 14 390 424 486 363 54 2 326 917 1 61 481 325 5 127 88 179 355 281 480 240 54 421 234 439 215 221 189 56 125 20 61 802 358 244 420 280 75 244 375 6 149 110 236 105 364 311 21 290 110 362 116 494 11 314
216 28 392 404 490 158 121 393 93 287 492 436 171 61 67 7 261 116 28 149 5 159 7 195 114 497 348 267 191 300 123 309 240 426 148 326 41 83 434 233 496 23 119 172 341 318 224 234 76 5 27 171 39 280 482 253 165 216 206 392 138 323 52 300 112 402 371 317 73 327 498 12 242
54 31 108 155 268 216 239 344 450 496 78 15 400 186 490 15 154 326 385 9 135 312 249 377 479 109 391 171 24 403 70 234 485 376 116 225 71 326 397 360 25 449 28 498 322 58 279 240 44 203 74 172 447 191 178 315 10 339 42 307 453 440 43 222 140 303 284 283 259 151 416 426
290 326 87 97 331 82 359 152 337 333 272 455 379 55 749 209 66 464 484 341 64 53 471 348 170 351 113 144 271 25 105 308 364 261 77 119 510 323 229 66 350 69 5 197 193 282 417 349 13 352 375 217 414 391 422 333 484 256 353 246 187 170 102 278 124 820 264 183 156 120 63
36 315 262 482 199 286 95 237 489 4 264 57 498 234 253 332 60 477 183 242 179 496 314 380 346 702 227 134 296 204 393 292 80 95 388 396 77 237 263 135 390 185 154 157 101 164 180 434 455 374 455 426 388 326 228 243 291 289 132 118 319 463 339 252 491 238 156 385 67 224
97 294 48 492 141 446 367 450 290 326 408 386 360 39 133 444 32 364 324 333 421 364 268 417 232 39 65 122 397 75 25 103 489 70 463 384 302 450 449 45 249 210 352 250 347 159 133 62 122 209 198 39 333 468 207 189 127 152 297 144 407 37 194 407 339 79 370 114 111
104 394 12 33 80 151 262 523 84 390 230 207 348 401 171 109 46 392 275 189 390 224 427 179 22 904 4 164 73 243 422 3 96 97 49 428 302 941 205 228 93 58 170 38 179 389 480 344 90 394 385 328 146 315 417 328 304 137 473 219 136 56 71 807 62 341 300 0
70 362 387 427 146 182 14 179 204 157 11 366 344 174 61 263 417 76 86 202 334 462 230 377 416 22 385 81 122 263 282 393 378 485 142 47 186 390 803 6 254 135 331 199 36 312 255 294 263 252 127 41 744 67 905 17 393 589 445 12 77 119 383 61 121 228 359
444 107 197 181 208 224 21 33 224 74 240 364 34 76 322 292 318 454 27 227 99 184 940 87 245 173 285 202 238 455 133 153 134 248 437 235 249 112 288 465 320 82 10 387 370 117 4 392 360 260 271 71 127 163 301 438 358 179 488 176 235 207 88 194 62 434
400 425 403 13 340 34 259 133 329 233 3 172 248 191 496 478 348 19 150 112 58 383 86 8 114 416 141 467 147 410 403 203 159 120 296 355 120 368 278 49 223 218 443 203 47 15 177 104 424 223 63 105 408 366 361 90 129 443 391 190 169 254 190 276 210
328 23 130 42 424 236 67 334 29 16 160 57 209 319 118 287 48 2 320 15 318 44 2 122 917 197 164 177 470 417 357 365 465 333 430 20 146 225 176 195 299 322 401 242 380 34 449 79 230 488 31 279 195 154 109 301 369 315 278 272 289 46 98 127
353 444 447 439 269 230 311 225 263 39 76 33 190 291 471 327 376 12 312 371 246 443 186 494 275 82 250 254 3 393 136 282 423 159 438 223 286 466 87 162 334 393 207 332 291 57 314 142 307 414 102 396 243 288 224 416 484 377 97 391 430 4 53
36 313 123 489 496 213 5 374 396 331 419 145 345 128 228 16 61 178 346 172 498 213 260 433 100 252 125 471 258 372 357 115 450 36 226 57 117 125 420 487 173 411 466 38 445 401 325 103 168 90 5 128 325 477 359 468 2 206 328 89 97 425
356 604 472 207 203 163 256 86 174 458 87 210 425 402 311 101 99 45 470 15 131 405 225 110 49 237 394 419 268 497 454 478 27 486 597 422 66 389 475 185 159 498 390 199 464 353 57 477 462 336 329 332 42 39 818 213 419 328 204 67 305
345 346 406 436 404 283 115 176 457 415 34 195 341 420 63 367 303 601 68 23 75 187 61 68 130 459 177 288 9 711 269 341 111 25 379 467 21 300 124 132 381 147 36 67 362 399 53 159 300 297 439 281 417 145 131 652 378 473 151 101
336 317 481 326 377 478 354 2 183 273 465 150 47 285 352 450 422 405 366 479 420 267 409 432 164 155 110 246 316 456 307 33 509 272 140 287 250 199 281 355 181 250 27 223 134 407 433 217 399 364 373 244 875 139 55 404 135 57 473
383 74 240 376 920 480 985 250 29 241 182 400 461 291 326 373 385 421 331 488 167 282 129 283 144 173 243 49 214 294 275 337 370 81 161 43 258 113 180 258 435 660 392 242 489 5 255 173 255 58 143 481 296 347 367 247 222 459
446 246 377 125 352 493 364 169 254 87 8 61 236 21 165 182 65 60 33 263 175 36 490 256 363 203 224 51 136 59 59 403 83 99 70 292 489 70 295 431 328 9 289 350 387 498 460 279 137 434 352 453 43 448 64 291 89
166 72 332 342 380 285 315 227 279 128 175 202 176 141 93 463 368 149 29 215 94 871 23 315 431 359 448 239 33 224 39 80 443 83 43 14 320 339 297 454 19 83 371 163 486 458 217 403 213 333 827 229 316 458 122 44
179 204 66 191 359 299 244 135 94 965 57 68 91 473 323 76 74 163 422 164 388 344 157 468 152 244 454 485 117 397 276 272 296 194 344 250 96 427 446 23 238 123 424 272 80 215 159 408 421 489 125 312 376 213 407
409 48 214 72 194 321 373 357 183 419 29 266 122 327 27 285 284 252 316 414 13 316 174 211 235 131 144 421 372 115 252 22 251 289 272 556 154 391 381 266 161 251 142 69 129 306 360 234 157 36 304 742 33 467
270 678 114 266 140 268 496 416 266 390 487 289 373 229 351 468 265 269 398 209 124 131 448 126 200 95 424 245 8 108 226 376 465 128 334 139 882 308 152 225 30 499 146 481 401 401 286 331 342 199 53 44 227
122 875 590 130 273 295 363 274 391 305 491 269 193 158 128 237 395 232 166 204 400 463 60 169 59 419 401 79 257 255 258 168 353 93 142 82 273 291 59 113 225 138 205 501 337 349 365 233 103 175 468 189
247 405 44 147 175 26 469 416 205 404 75 322 119 372 332 497 125 132 133 226 189 444 282 26 356 174 5 131 219 347 303 231 292 211 905 274 169 2 40 142 141 368 84 493 202 134 150 394 499 42 68
783 43 297 161 55 182 406 229 278 211 462 214 393 81 358 176 411 445 401 490 356 491 287 325 182 61 388 460 337 394 249 409 75 31 191 119 308 275 249 473 290 566 357 153 472 299 290 181 48 355
321 298 166 285 36 165 279 140 30 303 435 141 180 223 91 114 171 143 317 195 483 232 407 418 452 446 386 426 223 231 172 431 55 388 29 382 192 425 411 331 807 322 107 370 304 103 245 234 437
94 427 102 52 258 66 150 90 358 94 42 109 162 431 226 442 94 444 242 371 288 91 474 357 375 121 112 57 897 187 212 308 240 293 257 207 560 898 362 432 32 100 328 367 372 366 202 16
117 223 389 425 123 33 893 166 883 217 195 147 12 153 192 190 488 383 446 134 438 428 334 295 246 453 26 190 10 248 76 355 72 455 178 174 394 108 128 75 252 252 47 214 76 377 927
373 154 442 95 55 483 411 331 77 456 48 214 6 219 242 209 197 441 306 335 209 52 152 899 312 222 125 392 437 315 489 455 38 196 293 458 163 8 227 63 66 491 21 334 479 197
474 247 396 420 490 380 324 305 162 410 225 209 49 358 1 134 81 230 449 207 36 357 385 152 488 227 172 355 125 128 241 436 198 20 392 42 299 199 117 190 61 314 281 35 475
101 290 40 403 454 258 194 352 478 191 276 431 199 386 155 387 202 463 417 165 302 15 283 264 245 353 463 434 13 302 399 275 145 192 290 369 245 469 66 232 307 211 336 23
72 123 444 111 498 287 144 484 87 480 454 69 338 103 171 95 289 458 171 257 78 99 135 355 470 205 378 176 427 154 239 124 420 384 413 486 19 87 144 30 82 86 348
102 326 141 155 486 476 346 364 382 357 407 649 395 177 479 88 69 290 392 222 291 269 21 359 171 137 12 6 267 211 254 92 136 194 277 243 11 556 378 361 81 232
479 128 455 165 387 28 265 144 105 240 275 89 273 57 174 520 141 37 160 114 292 223 182 256 489 90 0 259 85 222 170 325 416 197 462 148 413 439 471 337 405
309 988 338 234 352 47 204 364 106 296 379 359 220 368 394 59 304 215 231 389 149 438 86 90 200 469 89 160 237 200 317 211 471 3 419 150 264 155 57 767
105 495 310 237 168 99 86 7 322 307 403 60 248 56 33 341 40 491 132 354 209 478 328 376 288 355 452 354 256 173 11 211 413 469 391 324 290 54 146
323 68 429 83 27 267 472 12 244 146 472 405 301 284 444 482 24 312 8 5 30 361 286 98 24 470 127 394 141 488 29 485 497 25 88 330 266 863
143 277 417 433 16 485 466 66 14 491 283 156 318 361 250 90 292 218 270 241 304 467 60 67 61 310 491 434 292 190 176 63 140 71 174 378 460
162 165 297 149 363 249 456 374 290 474 24 1 300 53 446 497 10 341 441 301 467 71 290 406 386 243 73 311 274 68 213 495 445 66 364 352
475 253 335 423 239 13 454 69 138 408 60 432 139 96 466 409 95 438 150 292 91 105 234 84 98 155 193 45 22 492 289 744 265 401 245
106 373 264 45 426 361 144 120 463 187 56 369 125 202 27 290 208 459 219 32 396 355 262 367 195 102 352 273 683 43 31 360 294 338
279 101 50 198 73 185 138 396 74 19 466 360 84 313 70 363 197 359 30 421 151 270 224 35 407 155 343 143 184 141 19 231 462
101 229 171 207 36 199 32 122 228 295 473 15 79 25 391 3 247 315 236 388 266 72 195 107 380 11 39 207 115 241 328 105
397 597 442 366 317 52 537 524 411 253 813 269 205 381 43 452 402 122 144 474 173 108 364 184 371 448 33 382 24 349 194
83 251 32 466 301 87 297 341 260 160 291 448 30 367 338 340 286 139 135 249 217 365 127 80 28 621 29 495 295 404
158 499 161 328 758 798 270 271 692 283 125 173 405 47 218 192 329 480 291 212 82 291 89 278 157 290 413 333 138
392 199 84 180 204 223 171 273 328 67 280 195 222 573 355 903 144 488 673 445 381 412 482 272 343 101 69 83
229 432 316 8 24 386 380 88 486 5 262 927 311 153 283 457 200 138 221 406 304 2 21 206 173 945 484
288 271 271 417 252 11 101 286 414 291 152 167 249 396 363 421 307 31 27 507 255 204 244 420 345 228
154 241 293 206 73 394 294 348 81 64 208 499 252 402 140 389 493 310 191 41 272 181 118 408 463
901 364 474 705 319 428 178 345 325 81 7 334 298 499 107 252 3 388 41 373 392 354 150 176
232 139 711 98 446 339 426 127 8 416 162 148 348 444 252 175 324 410 355 346 186 386 215
7 488 422 129 303 198 197 470 474 114 243 373 287 223 494 401 301 93 43 440 356 151
456 376 51 83 12 444 422 386 287 171 76 331 408 43 235 397 192 309 91 391 318
479 176 268 455 481 391 212 2 124 234 245 376 348 315 397 280 253 190 475 347
41 153 332 298 475 249 176 604 763 307 60 137 465 221 371 335 451 149 444
12 282 270 18 393 259 345 427 337 138 397 328 449 488 440 814 43 334
45 161 43 456 334 105 138 179 461 333 361 353 225 126 222 199 108
301 237 69 490 284 200 475 181 35 93 275 139 429 487 10 407
120 399 149 119 69 184 221 93 493 37 100 341 385 939 105
207 799 223 302 834 105 80 320 260 321 323 464 422 14
170 76 42 462 372 396 419 485 68 139 398 433 412
241 423 874 167 181 453 391 204 314 197 121 349
713 243 288 460 250 467 269 61 89 244 3
473 391 155 408 276 197 78 73 113 314
129 0 70 324 80 330 350 329 438
17 111 107 126 212 171 125 452
345 19 51 387 198 26 84
284 455 459 339 385 278
312 265 123 232 9
180 409 240 372
135 350 269
59 240
489

