100 100
5332 7785
7270 5642
4114 5104
8969 3646
558 8087
9333 3915
1211 485
4934 1684
2878 1897
3469 0
2995 467
5116 6939
838 4360
9341 8259
7338 8434
5932 4556
629 9357
1240 4108
2017 396
8278 3616
2732 930
814 1669
8889 7721
7627 752
9934 8207
7983 7062
2980 1507
1550 1252
186 3869
1038 5801
1011 4691
301 3239
2739 5877
8171 4774
1733 1762
6044 5249
4776 4992
1351 71
253 7976
2937 9787
8619 5176
5475 2740
59 9456
2328 3229
4205 8533
2672 5046
6337 256
3160 578
1198 4400
2463 9623
4671 1652
8731 5106
1729 946
914 2016
5798 147
1761 5253
165 6212
3048 6313
2808 5815
6684 2198
8684 1792
6036 9771
3812 7609
3644 1276
3719 3678
1477 2464
286 4401
5379 2577
4855 6695
8526 4048
4132 6713
4993 7391
8700 2900
8062 7125
8857 7626
3593 4717
1433 9726
8392 9223
9277 5580
4345 7397
1597 6175
7916 3519
1682 3401
1381 2272
7370 9199
571 7367
280 1034
1643 9144
4705 2295
390 1688
5088 6455
271 2756
3779 1184
2414 3658
4107 3883
8048 2766
8016 6180
3476 7606
9387 9277
1311 2639
16253 1589 2554 1892 2781 1067 1842 11511 7936 2882 3173 14443 3431 1279 27938 2697 1782 200000 782 499 1466 1045 227 496 265 7304 1376 1692 14044 151 2190 2076 42 1067 3773 2497 1277 1102 2159 973 6643 906 1391 2448 11421 185 5119 645 1718 2137 6 7490 5772 2386 4058 162 1991 3454 617 3759 5205 4675 12062 1650 751 5888 1921 855 2065 1184 1506 847 2002 1228 821 2700 3708 1783 1086 3947 1066 3001 2278 2434 979 2597 8080 1498 2095 3480 10369 2347 2350 1388 177 2363 2577 3203 2294 3475
8570 1022 14212 247 3169 1785 2127 15832 3260 609 5871 2276 702 2547 21843 1526 261 106476 197 910 234 154 195 1515 291 3010 1531 273 5689 822 992 30 991 1532 13855 293 608 583 1217 627 3669 1988 1191 5378 7739 1335 3420 594 1514 146 2217 4796 1226 6671 4075 1094 2842 2075 1398 240 8912 5144 15878 3357 1117 2304 1938 142 1344 2493 3858 612 4968 2192 1441 1261 2421 900 2055 4533 2110 196999 2151 2357 1951 319 27303 101 2278 1286 26250 5252 18188 4539 327 1185 4842 2052 368 4883
17168 3500 4265 2116 1076 965 2687 2179 8000 489 176 5003 3335 1230 3728 2515 1373 1991 1880 706 212 1148 741 4074 939 6801 34 1490 11964 2017 200 1516 251 668 15793 413 1044 11 580 610 5946 2977 510 463 3168 1958 3075 55 427 2504 725 10266 2387 1954 424 1421 2619 2755 2174 3802 5578 3348 8957 1519 118 3557 1744 783 1370 831 650 1963 63 2492 632 2164 1248 1186 1278 5186 447 101561 373 1111 1628 1847 8510 1653 2884 55 163381 422 1263 2921 1046 2295 325 3362 2236 2397
4246 1177 25295 1456 1131 1989 1368 1362 936 1741 6625 6058 3316 2413 8416 2429 2370 1552 2279 600 1233 686 524 1752 505 6292 1884 547 7787 1383 1850 1565 1657 298 2432 1270 1579 568 1521 4 5954 2997 2656 7183 5902 1148 3388 117 1387 582 2093 3398 5500 6654 4428 927 2559 797 220 2965 10836 1971 11549 3594 638 9882 325 630 1110 528 198 159 3645 2335 912 896 2939 1826 1677 6231 992 1582 722 2649 243 2367 26450 2170 429 5122 103023 6340 1332 101 95 376 3183 1039 2665 1582
13918 1571 20551 3743 3343 1010 2725 20260 6046 1904 8656 13010 54 937 138075 177 1118 1401 1904 794 1445 674 357 2753 1571 5808 1892 770 4602 2067 1123 2278 955 1825 2373 294 1481 1576 8 1384 2823 2544 602 857 2207 2731 1551 1272 688 1347 1061 3243 1105 7029 1924 1738 427 935 3023 18 5972 3243 14152 763 133 9210 1044 1843 1993 25 943 138 2749 523 155 2861 1135 123 1046 8138 4247 290 2599 694 3350 1794 832 917 657 1726 42 1398 9927 2160 2680 62 5209 1479 2613 1417
2241 2063 9747 3040 2962 143 2419 3858 5606 2747 9614 865 2250 991 103892 2226 2535 1414 1592 1748 737 1141 1952 1166 1549 2838 1472 722 7388 744 2187 107 2324 1397 5397 2825 287 383 797 1309 2502 2342 419 8735 4044 1017 3233 1056 2644 2243 2043 4340 1462 5431 3556 2189 2018 1426 2534 1866 8167 1995 249 2390 164 5973 1043 192 886 1114 2443 2440 481 1655 1525 1339 3674 2666 1666 1618 1936 690 594 806 1135 1768 8679 1900 2402 2924 278 2265 4072 2498 395 2258 4802 1510 1026 3328
11469 1125 123376 3392 2112 3139 550 2002 1464 1419 1183 1340 3349 1045 1749 1092 2220 854 2267 62 1755 2241 113 838 2181 2081 457 422 1094 1550 1298 537 2441 1415 5218 2560 1876 938 630 2556 5287 2728 1566 1490 10859 485 3118 1260 1196 2673 158 10639 6135 1947 805 2060 3789 996 1432 2492 9605 3239 15331 3292 2171 1548 2626 1654 1763 1397 3407 728 2670 243 2012 14 2653 2123 1437 6012 2621 575 971 97 37 1639 120146 1317 2173 6136 383 6812 3042 251 2646 2905 1183 2485 45 433
126135 989 97216 2413 2569 2224 1858 142996 6287 594 587 835 3311 1113 646 1401 849 1087 1204 952 2088 328 773 2923 2435 920 1235 2414 4763 1310 1609 1889 2395 372 151159 2894 1439 1573 766 1249 2836 472 972 997 5006 1918 163 1097 2623 8 1877 4416 3286 5480 2619 1988 1836 2805 1958 2115 6755 2838 13234 3851 1914 2841 1297 1242 1078 3754 3682 2858 4505 675 1172 1197 1062 410 1192 2903 3336 128 1886 1646 1569 2338 107333 1242 672 5239 1072 1879 8193 150 1794 1317 1366 4352 342 3337
104094 3035 1532 1232 657 3657 276 99674 1280 1139 716 14242 2518 229 223 1547 2420 1212 1898 52 100 1609 221 1378 2303 3099 1146 255 17711 1845 155 131 2493 860 110851 9 109 89 828 2360 3743 2588 529 4281 3857 578 1045 252 1109 1277 882 450 846 4216 676 1199 1563 2335 893 1434 8510 3883 9323 941 136 2935 1462 952 290 3219 253 2592 47 2283 1140 607 752 2275 1486 3537 908 956 629 2315 2814 2259 980 1699 641 5637 1268 5316 151633 647 1780 3005 2061 214 2557 4167
1970 75 1838 2872 1987 2805 1907 541 7384 68 2446 9072 3126 181 1421 1011 1820 539 1292 92 152 1745 1670 3124 2646 3580 454 1518 2386 1003 1400 1068 528 1629 1902 185 1030 377 2308 2226 2920 1083 590 2772 4149 2106 8648 274 1049 1045 194 370 6220 1876 934 2153 222 3562 1683 1009 7296 4079 7490 332 1407 4751 2445 1678 1671 994 2017 1273 4920 145 1546 1345 68 408 1279 1255 1051 798 1220 1651 908 851 263 837 604 4681 1571 5564 105906 1165 2727 1491 3828 261 2785 1871
2086 2298 615 353 1570 1571 1391 739 9052 2025 7580 11215 2914 1946 1994 2511 945 1306 351 224 553 109 1931 1965 940 1824 834 2229 122572 534 1124 2235 1164 1458 2062 276 1106 1609 1156 541 3266 2116 2559 6187 10352 2375 5166 467 2139 1511 881 1435 3580 6809 791 902 3285 72 243 3448 2396 4563 11055 218 1779 1120 2611 2220 1242 87 3756 1910 5899 2334 1425 556 2745 866 335 5006 2177 220 440 1603 2198 244 151 2180 997 6443 767 1906 1866 536 108 860 6717 2398 723 266
196 1293 1139 1261 1275 2476 2433 1045 4340 2091 967 121641 3089 1027 623 1837 2820 1576 1559 1332 1245 735 1711 296 258 607 306 2314 103683 80 926 929 2458 1333 1077 2037 340 508 865 1078 4198 2572 802 354 7378 1717 4565 71 1050 1952 504 10336 5032 7318 2972 1929 1546 2640 1992 1818 6668 4335 80720 3789 650 4548 2666 1967 1289 2295 1943 2499 1255 705 946 1097 2449 2022 1689 3731 2917 1479 2966 2607 1057 539 735 1988 1539 6551 1743 6682 2078 4146 426 3038 2802 492 2518 1797
1990 2686 540 1559 1412 585 1544 712 9566 209 6904 107840 2017 1568 1151 1583 1169 377 665 1200 1273 862 732 2548 1353 224 1574 534 466 576 615 1186 1460 1108 2055 1225 1266 1235 817 575 3254 1513 1210 1518 1272 1695 6426 2063 1685 1390 2223 10605 2106 6969 2082 2169 2744 2400 783 2730 10895 1352 94398 2752 53 6500 16 671 1085 783 3595 2179 26 1361 1710 996 2028 1737 98 4664 1331 606 3291 2610 177 987 1663 22 1072 1319 828 422 12 3344 2433 415 326 222 1139 3879
1883 2586 2091 2472 3054 3176 582 412 8224 2534 9787 82 815 2318 1237 2565 1379 935 140 69 938 1160 1595 2820 1919 1377 472 2510 741 1497 31 1627 1019 901 447 2213 2427 1796 1211 2398 7071 506 1783 214 1017 2520 8475 1577 1543 1545 1742 4817 3903 3577 1437 278 1557 450 306 337 4498 3019 1854 56 1110 3657 2153 452 1194 3140 1745 935 4656 167 1616 2309 3282 352 1340 1191 636 635 1900 1839 3158 474 725 1755 572 1593 155 7373 890 1059 124 237 4541 136 1097 2715
2041 850 1828 203 2076 775 2512 1565 2695 2214 5693 2097 1046 388 177 2659 1409 152 1664 870 339 2314 374 4052 1986 1871 716 1898 788 1728 12 2341 1884 1148 207 1278 1809 235 2077 581 2857 2938 1749 5362 121629 648 4957 69 1288 173 977 4055 2583 6024 2683 361 1952 1117 665 1843 6794 2118 1351 2 267 10031 788 1339 1363 146 1346 2342 1943 906 2116 31 733 1947 11 4798 2127 506 561 745 1601 1181 801 879 135 1752 408 6335 491 2549 610 2119 47 3388 2517 5131
727 1780 1826 1505 724 449 1043 1083 5970 2589 781 1285 784 2128 948 2140 967 1364 1623 350 1783 1846 14 1524 630 2210 529 2100 1580 492 2136 1569 1490 771 411 748 2141 1764 1802 762 606 833 1878 4552 92110 1001 3876 1576 2498 577 127 4005 914 3079 368 1754 3415 1731 2109 378 10994 3751 1136 39 1965 3823 2678 1732 521 1624 2273 1631 4590 1006 1697 32 760 1803 584 6296 609 1110 2714 70 1358 1247 97 324 632 633 1143 1684 2132 3705 2451 1744 3275 2006 460 3530
651 2622 482 1326 1120 3406 128 759 111954 252 1497 416 3505 2558 811 1061 1037 137 571 1808 1491 1555 1022 699 482 3350 2022 1269 476 70 1088 942 176 1965 1455 1166 1398 1142 920 230 5974 754 572 4765 1718 2476 4550 1621 2992 398 168 1065 2937 1633 2446 966 3313 2303 388 3954 300 548 1680 1758 743 2984 1095 2009 1044 3449 170 2383 5286 1324 1399 888 3846 1569 1047 4579 3283 839 1733 2357 3329 1996 1216 1868 1035 373 1972 1836 1861 3394 405 503 829 4358 2177 3003
217 1761 1039 2559 1177 1842 2604 1810 108235 2307 6460 1870 64 1881 1081 477 459 914 870 1157 1118 942 697 2788 1880 6057 2075 870 2043 2220 796 1379 134 180 448 854 1821 921 1789 1769 1963 2405 250 2764 1441 895 987 1359 2286 2053 1001 114274 1117 4335 158 1029 291 2474 2085 3729 80619 4940 1098 1913 1350 3751 1336 2493 67 1237 1172 2043 5823 643 329 2548 3303 1516 1680 843 513 789 2752 403 197 325 1439 162 2427 3325 1195 7301 360 3236 699 2373 7445 1950 2582 3011
262 1044 678 2734 3221 1782 119 2124 1578 97 3598 1302 3502 1506 464 490 2507 1343 1771 1285 1262 593 918 4141 2379 6198 1372 488 492 440 2183 519 2014 369 287 760 683 1517 2034 24 5148 842 683 4249 1314 923 4204 1565 676 854 213 105726 5782 2196 3983 2057 776 419 3011 1877 104047 4132 1843 1906 1378 114697 2243 2161 781 1585 2151 1845 3725 2536 99 2316 2831 1524 1249 5517 3913 1900 65 715 2973 1358 53 117 1942 4755 705 608 738 763 2210 1273 6456 2902 2790 4577
360 1598 419 572 319 30 2582 280 181 1619 117686 1219 1121 1148 1032 1238 1209 1249 1464 1628 484 82 264 884 1030 6092 125 1314 1095 709 325 1398 2433 586 1328 1230 1135 814 104 670 5820 1835 1456 4596 530 15 3675 699 120 1207 971 1800 2030 838 2054 1712 2263 107 493 3394 1673 4519 191 1381 211 105147 1798 1180 643 1048 3005 851 5985 973 1368 1189 652 1861 197 3644 2381 794 1798 1841 1793 2490 736 2109 2152 2738 1722 564 716 2208 2311 1479 4034 4095 3281 2371
1596 814 1685 919 892 1621 2606 1577 1012 1599 104123 1177 1546 2742 845 1995 1917 827 743 301 1342 386 290 2028 2725 166 2465 2517 1576 2043 2170 2043 2245 2132 142 453 2289 364 1109 652 3587 324 1658 7669 1688 895 748 208 1206 2127 2118 895 4523 1931 2687 359 3967 3359 2964 1341 1160 461 271 374 1532 771 2009 1637 1087 90 2674 1224 856 93 748 40 2462 1929 1440 4916 1821 279 357 2126 2997 1045 1622 1921 1479 5549 951 2073 350 1834 146 486 7079 1630 2447 2801
1505 2809 998 2009 1344 3352 1503 408 370 649 1090 2160 1191 2587 848 756 2399 1641 1333 1945 893 2260 2001 4074 2328 2293 1468 1222 1426 983 1385 1909 111 1590 124 1512 2065 1216 2142 1297 2737 3209 1856 123166 1062 408 119611 1492 313 252 1494 2025 2410 5671 582 1816 3660 1 2397 3851 1959 203 1497 1762 1299 2304 1376 652 1280 3030 952 1054 447 1439 800 1257 1153 1340 2057 2019 1663 1873 7 1905 776 1146 1812 1273 1405 4770 235 57 499 900 1924 205 2701 3757 533 1511
495 1470 276 2400 833 2561 1565 1822 72 2862 2407 338 1044 577 833 1486 2844 320 595 1873 223 2362 1313 3574 211 6614 2210 1215 1669 2301 1410 1975 2437 1643 125 2736 2460 1904 2119 1429 3789 1010 1107 99159 1933 1650 105879 1417 221 2502 1124 919 5475 5846 4196 2285 4247 1063 470 3956 1593 3945 1185 2732 804 2192 2445 1557 1013 2368 2990 890 190 2423 456 1788 1491 1670 1947 4183 2288 536 537 1958 2866 416 1413 543 2683 2874 1126 5625 1570 1565 836 1073 5502 3074 2930 4395
1236 1563 685 3076 1021 991 1096 1906 2130 2318 1467 238 1620 2719 1569 2030 2991 13 1506 793 791 2336 1096 3533 2887 2058 1264 9 841 1193 2042 108 2456 837 441 506 183 910 1374 2311 657 203 473 1904 336 1826 656 23 1448 1390 1849 991 6232 3083 3874 1076 644 3155 2877 3193 63 5082 1954 3708 905 555 698 1145 917 184 2969 1952 4073 230 1111 1461 3817 1167 1979 105253 1337 482 2197 2461 3339 1064 99 2084 2488 4254 418 119939 624 3863 1925 2952 118870 3194 2956 1254
1733 413 1183 854 281 875 296 1521 1791 2862 191 1443 2612 2843 1878 1398 1437 1484 149 723 1507 1164 893 1303 3190 3215 1198 1211 1081 795 1775 2373 1533 353 2133 1817 1913 1216 1250 333 6576 1992 925 88 782 1332 1090 1728 140 1285 552 724 4307 1549 902 929 222 2822 1189 352 1110 3067 1337 938 553 2418 16 2243 438 2264 2672 2690 644 1339 492 1340 3747 1997 989 96262 1911 348 2100 2077 2324 391 1939 2080 1013 2695 969 104653 687 366 2635 3002 103974 2008 2618 346
2058 1602 664 1150 2610 2615 772 1754 259 24 829 1021 639 2803 901 2134 3036 266 1007 1767 1427 1615 1076 1813 100 313 1474 1003 501 180 765 850 946 1788 1691 2015 1231 843 415 199 3170 1411 161 1791 2320 576 1634 1669 2714 823 1963 626 5262 95498 703 480 1385 2178 2527 3193 39 903 824 2419 1010 1010 1243 1394 959 683 3751 1202 2105 1410 1305 265 3083 1672 975 647 2318 511 165 19 3281 189 1276 114 1857 878 958 1988 1381 131 388 1571 2032 2640 3212 3247
922 1053 1891 297 1592 151 1480 1993 804 1845 2396 1665 3364 2892 1367 444 986 1105 1989 582 1329 738 857 2183 2685 113798 1656 504 1284 1131 485 1449 1828 541 377 683 2097 878 267 0 3555 2981 302 1002 930 2768 2109 272 1854 1814 158 456 1271 109134 4420 624 4025 2720 2604 474 90 5147 2175 3725 755 1600 248 469 57 2946 944 863 1278 2219 362 1035 2336 1064 1713 45 844 1875 145 2030 3361 1594 1439 456 2764 1256 273 1036 1788 1727 654 2881 1317 2181 99 296
1260 1910 1692 2704 107 1715 356 817 1821 721 1251 663 1771 673 1880 45 1931 628 1325 1949 1773 601 1756 1439 2155 104751 2399 240 843 1663 1441 1017 567 252 843 515 691 1733 2131 1167 93449 2315 975 1414 1108 724 1669 146 2927 1776 54 284 536 152 2428 1512 2619 477 2150 2910 779 241 1335 3551 721 811 757 601 292 2590 3363 232 3464 284 1070 1633 990 578 2210 1059 2051 1811 1594 705 818 1438 621 1058 2109 4348 1107 1601 80 1172 2289 921 2552 1585 1846 2852
1150 2652 1040 3511 1289 2138 273 885 1274 1194 734 234 296 2661 1177 2524 1380 1381 39 594 600 1408 1679 1630 2491 521 1499 2446 769 1950 798 380 245 374 1737 2783 556 1608 1621 2520 102300 1168 70 1278 916 2978 2236 776 157 814 1055 1415 1279 2378 1124 2224 28 303 261 896 1830 3940 2090 2435 1597 2056 437 906 1927 3177 463 1030 5058 1252 1605 729 3262 596 283 2204 1340 866 2160 47 1815 2536 1114 1077 2053 6306 222 1049 906 2615 1888 781 1687 2604 1654 1776
1006 2480 1051 1211 28 3523 1257 659 2203 73 1142 1116 429 2487 181 1013 994 775 1551 478 23 135 1268 341 315 2192 1235 1943 1446 1598 605 1664 108 1339 360 2271 686 214 305 1959 533 3199 2138 952 607 1404 1778 967 918 118 2151 391 1040 1933 4979 659 1328 1171 1744 2116 834 3708 502 823 880 1569 1780 1315 1259 2690 279 721 3173 2042 16 67 1085 1663 1437 2353 1629 1217 363 1947 3343 195 34 199 2935 101302 1299 2000 1287 3982 2747 1055 1733 704 1805 3211
2002 850 1637 1377 947 3179 1884 1685 1768 2193 2388 255 2225 2455 1352 1448 784 547 1564 839 939 438 1241 732 2118 730 6 2106 55 468 1291 250 658 1448 427 2703 1430 705 949 1752 1928 1121 1272 1347 1253 2481 2317 431 1748 660 1228 1932 103742 672 4589 9 1592 2537 157 2975 1942 4999 2182 2578 417 1739 48 2697 493 1725 574 672 113474 94 774 806 2079 1021 1547 38 3715 631 1203 2375 1792 2 1932 974 1385 106250 698 2073 758 2839 1959 2043 551 706 479 3693
1373 999 561 279 3294 3253 1289 1249 1510 2700 176 912 92 592 1560 1864 1721 1926 2051 908 1377 1668 800 3176 2557 948 257 941 900 1615 1306 257 2253 325 111 974 1259 2098 429 1753 2153 2717 1755 127 2015 564 1055 314 1390 1078 2286 2088 101937 1439 76 2321 1988 2390 2290 1138 1077 3736 1035 956 409 1004 2141 1024 1022 2442 3291 937 112754 1070 1442 1984 1901 1298 2137 2558 3484 1965 1625 710 321 1220 1056 68 323 652 1368 233 1030 4043 1411 1093 805 972 598 4420
1261 2730 676 3222 3188 3300 644 1307 1574 2701 826 338 1224 166 676 1330 2330 277 789 1273 938 2613 918 2351 651 481 584 1845 125 2202 478 331 798 370 1749 1862 677 1767 1839 394 2423 2843 8 353 1780 2437 2378 743 2180 1378 2144 238 2519 24 1808 389 203 3466 127 3599 1472 2905 2045 3688 621 423 751 363 404 3544 2568 1507 1649 1121 1800 1941 1900 1075 11 822 116 568 2932 300 428 1150 209 793 1104 1679 890 551 104 2688 1372 1423 420 2132 151 5336
586 2752 792 347 1244 991 41 1403 1131 2572 2001 55 97 1941 1077 1092 30 1669 2073 1632 1626 2430 134 2746 3015 2290 43 129 514 1777 1447 2030 106 1415 407 2001 926 1032 1454 1741 223 1671 1993 1829 215 1294 2284 1860 374 2280 36 1859 2496 2481 3916 1361 3251 1610 1580 717 1532 33 1141 4024 291 2000 2581 1572 1188 3643 330 227 377 830 19 2608 221 44 120 1940 2610 568 801 2014 182 68 1617 1888 1175 2004 1986 2106 565 3552 864 230 2179 1282 2452 107692
43 2922 440 2319 1843 3463 1652 1336 1451 622 1523 1377 696 2542 223 2065 2941 1587 1303 14 195 2288 334 533 1719 1649 813 1164 2067 596 1666 1891 1472 1433 971 1221 498 740 544 1344 825 1894 243 1519 1496 2290 1629 1874 1009 1154 354 2109 1343 471 4815 208 803 1430 1313 2918 582 3571 2014 3998 546 712 716 205 1857 2185 3453 2201 2332 1545 350 2063 559 1297 1427 1375 471 451 3059 2480 1473 1189 1131 1291 834 1544 1032 1671 1081 846 1568 523 1238 4263 3565 93818
1048 1049 1671 1941 392 948 2032 1343 1417 2332 2322 2222 3418 1719 638 2384 2941 429 1873 1353 365 1057 2046 1489 2463 1073 2157 762 507 1911 1219 1964 627 2024 1194 297 1600 1813 270 2246 998 1788 417 2318 385 1721 24 440 2320 1845 455 776 2543 2603 1837 2346 2174 577 107 2233 1550 1873 2050 1287 106 735 2373 157 191 3037 109 1911 1529 1144 268 668 3096 361 1030 1856 1462 1095 876 2574 1695 1261 1037 1033 2904 144 1921 734 675 2221 1949 156 746 1637 3609 2365
107 742 538 464 1734 2441 462 1898 1279 1960 1866 194 2402 2553 1080 145 1621 176 237 1506 2033 637 802 1388 1058 2654 2290 1216 1283 2042 621 1154 199 1985 1432 2847 2180 991 1910 1880 1852 1969 2135 2421 1095 141 465 1282 1160 1525 2194 379 1920 2380 4294 585 680 615 1726 564 1030 2338 213 1161 1628 1138 1702 2278 829 2392 3641 2589 1271 1331 1918 1982 914 2338 2149 2420 3288 267 2344 1233 788 2535 1489 1913 192 2042 1121 1875 150 3021 1287 908 1907 2081 3387 2405
1209 2129 921 3612 2009 615 557 1841 1073 730 206 1044 3011 1701 757 513 215 148 1993 1848 750 1763 779 3748 2 1263 1485 2429 330 2302 1957 534 1572 1745 632 739 1042 292 532 1097 1680 327 1868 432 977 1175 262 1558 2700 3021 1771 448 260 473 2915 361 2524 2317 5 3865 1970 86156 1288 3039 1635 114 1667 2682 1525 3619 1531 987 824 1492 1429 1777 471 40 2093 1642 1727 1325 47 2452 2902 345 961 1866 1384 1638 851 1198 554 1083 438 299 181 130 1435 1898
1374 3726 1099 3656 3026 667 1853 131 928 2516 1418 2001 3090 1837 754 2694 2881 734 1049 1613 2062 951 872 3283 892 30 1387 1064 319 2053 1186 2351 1217 1999 1085 177 2181 948 1832 1812 2432 42 1050 2366 2128 856 319 378 2264 2632 44 1314 189 149 2387 2209 3492 1463 1765 2596 2193 100693 465 378 1962 2227 2595 2148 1442 780 2372 694 682 366 920 1629 2135 2599 1525 546 3677 574 2962 667 2895 2009 995 181 272 533 184 233 809 275 2084 1156 444 2609 414 1125
895 3197 498 2545 425 1117 250 1176 106 2636 2308 1678 2562 97 1440 1065 1266 29 1575 1106 1145 28 822 830 2275 2109 187 1486 1585 1338 840 75 1263 2000 1046 2512 884 576 399 590 142 2863 1250 2425 447 2624 424 1763 1098 665 1110 1905 1178 1422 104995 573 3867 420 902 2301 2316 324 70 1797 568 145 1018 1036 593 592 2222 1369 2110 463 764 753 9 295 946 797 2631 684 1633 1657 1097 1132 376 1838 595 1630 1347 1177 878 4236 2234 1235 2511 3219 1400 2130
715 340 1158 1827 840 1533 2241 1747 973 1159 1639 1949 2634 2004 2034 1694 2270 1224 443 1732 1297 1790 1257 9 1849 48 1207 1966 405 831 1903 1235 1938 2189 598 1046 857 1233 405 1811 479 3167 1594 1636 746 2048 1838 2091 844 1505 412 1700 63 1397 111825 2372 3949 977 1792 3568 1551 1937 2149 3140 473 686 766 2007 1260 2798 4081 2377 1017 1270 1913 1764 1238 1638 2128 1828 4199 615 636 1188 2194 157 369 1754 2249 2293 1816 2071 324 580 1824 382 1606 1030 1525 2252
137 1664 1755 1099 2096 2440 1280 1215 1112 2556 955 1794 438 2685 787 1362 1317 996 1159 787 1866 853 2159 105 1339 2352 1893 2164 1863 931 1418 1781 31 2116 289 381 2357 469 355 639 1792 824 649 82 1232 2613 1137 873 1391 2012 1906 848 1420 386 179 1292 1610 327 1533 851 1494 754 2199 4021 238 319 2454 702 848 2608 3475 263 546 2033 559 966 2952 79 1735 974 116817 798 993 1266 178 2390 360 690 464 400 323 659 336 115701 1712 2731 1026 333 3147 1782
1334 3644 2061 2017 1705 3362 1230 1819 1062 2667 1393 377 2436 1789 2069 105 1502 1145 1409 216 1927 2462 145 3223 2050 1889 609 36 1610 1088 1518 1992 1923 1316 1551 577 1799 1727 1893 830 1765 3078 2791 2481 1364 2086 1036 340 1389 1474 1159 974 1831 260 2861 1840 2044 801 2915 1751 1551 2680 1893 3337 1054 2316 1642 1920 1016 3120 903 334 1562 1603 1129 2415 178 2114 161 1818 103824 947 803 1769 297 2039 1133 259 189 2700 1901 1515 1711 116442 579 754 2330 1765 454 1314
209 1736 557 2968 167 2973 1513 1719 371 1917 551 919 2235 597 123 2365 2134 1148 1803 524 117 2620 2139 1195 2859 1037 443 1617 1543 1339 1580 1134 2263 2059 852 79 1039 1215 1548 222 533 1664 2659 2453 2189 2818 143 1135 2026 2556 864 419 1104 976 2663 613 194 1780 1522 3333 7 1675 1001 2430 2139 1012 1096 1426 1731 3739 259 1439 1831 472 1434 1717 815 2672 1246 2084 2901 1251 606 1745 1439 2213 73 1311 1813 1116 1641 1033 715 480 1828 445 345 112560 1390 1871
819 3076 1901 2026 383 509 1571 968 1177 1948 1523 1706 258 1359 960 1386 3132 715 684 1099 630 552 1403 1853 883 2043 1013 1538 2092 1188 1201 448 1889 1912 542 2881 1159 640 850 1533 2200 337 1493 108 1792 128 1870 803 1880 279 237 2328 2474 2620 1816 2385 2155 2132 2367 1011 398 2750 1436 3049 611 1883 60 936 221 694 1906 857 2776 648 1093 2590 820 110 212 1365 2963 93 2684 424 1052 2567 800 807 2862 1302 339 1543 1413 976 2269 1182 619 106406 1397 789
320 442 38 2199 2516 3213 182 1812 487 97 966 1292 1059 925 1222 1556 1281 1030 1448 1847 1519 1743 1969 3700 1841 969 1597 1879 2212 1658 339 1906 594 702 75 2581 1319 1266 1082 603 2056 2645 1161 1791 1287 2268 1210 1604 734 2944 201 542 230 1938 1250 883 2455 1547 2217 3211 1453 2048 916 883 692 310 1365 1598 406 1081 108115 770 1202 932 343 1272 1886 2557 1656 1819 2919 306 3031 1757 3294 2130 808 235 1901 2330 520 951 245 935 1015 592 310 2855 3317 427
928 2642 41 1647 323 3476 1974 458 52 2171 876 1040 1102 1569 1768 2547 1323 800 1040 1160 136 1215 1149 1275 1851 858 909 35 636 1973 1402 1534 116 955 597 2727 1287 615 823 1862 573 301 1119 1977 266 1362 1816 1640 2741 1478 99 2239 1951 1638 1865 119 103886 1981 620 220 1915 467 995 1189 860 2350 427 2733 696 647 104198 395 2807 1270 1189 809 2386 2389 2138 923 3359 1948 2638 1149 3030 279 377 1139 1220 1125 1226 220 244 1747 276 181 369 3479 2270 1409
1767 401 1042 337 1204 1949 2163 9 947 2881 2382 253 1722 913 136 1649 2159 916 882 1189 849 1589 766 104710 79 2244 435 1169 2075 1995 905 2348 1521 1954 1012 643 1654 1868 1185 931 1588 1588 1707 2481 1150 1404 2166 1934 1408 746 1083 1983 1783 1864 1806 1999 112617 156 271 3838 1103 750 621 3173 2077 2035 1433 2448 822 950 1948 861 47 564 283 620 3843 1120 472 1588 1735 1684 470 229 812 1362 2116 1268 2706 942 1849 262 148 731 1943 2635 669 1402 1619 2630
455 3027 793 1770 2181 454 1643 605 1360 2634 245 512 1066 424 960 151 2357 1197 923 608 730 1700 88 106094 2261 953 1459 847 1010 2166 1169 2344 762 1246 1082 64 932 1549 1569 615 108 812 44 1575 2084 1203 1904 307 353 1308 1369 908 1214 2148 937 1949 3060 1129 403 93821 175 341 75 97902 937 1208 1963 2134 1248 1769 1172 2420 2208 1089 411 2934 106882 1134 1724 476 1761 410 2048 1975 982 424 1326 2020 459 2242 1048 1361 1492 2057 1587 2003 778 1092 507 300
361 1882 1674 3172 2306 128 1884 1055 2197 2470 2338 702 3136 838 14 624 461 1808 869 374 1902 148 1988 847 3220 1916 921 1041 178 1185 2136 554 1809 59 367 1294 940 415 285 1311 2461 183 1205 1110 2221 1679 2014 391 721 39 98 1075 1079 1318 444 1725 331 2406 2397 99144 1165 1415 506 100806 1403 515 1222 1239 1364 3577 2880 585 582 932 945 1816 100365 1232 850 2538 2399 247 2177 42 3195 1746 1535 54 75 1129 1128 1631 731 1920 561 1768 2204 3044 423 2322
1593 1488 1657 106098 37 144 1778 2104 638 21 774 1550 3132 2491 39 1400 873 1037 667 1857 893 186 1603 1903 562 2006 1890 1094 1141 509 1863 106 1360 2110 1684 779 1122 529 883 1565 876 1833 1077 2057 1434 1308 260 874 2879 2763 156 832 87 1087 508 1558 567 458 2796 3651 732 2675 1155 2458 1879 1379 2654 1578 757 2555 1188 2802 2573 778 1078 2882 1438 1202 8 819 3010 155 582 199 3453 167 2027 279 2879 2752 668 1184 1994 2216 2454 699 1194 3314 3285 2728
992 2884 1000 114020 275 3502 2291 844 1495 2278 1674 422 266 2896 1781 1881 3118 135 2296 1835 2010 702 1487 687 2147 156 929 1362 505 1551 1505 608 863 311 345 1701 1306 1011 1108 1702 173 2108 2610 567 1063 1542 1498 1883 1002 602 105 25 1725 980 600 1722 1325 1792 391 546 1486 2626 1881 513 1234 136 354 2210 124 328 465 2520 177 346 91 1797 1402 1575 834 687 573 1871 1330 2002 145 1495 402 1838 547 1546 1538 671 1353 3074 1906 1905 579 1414 153 499
1992 104248 1116 3541 173 541 913 1512 1991 1780 614 616 767 1543 1951 1213 2200 1432 248 444 911 2222 641 2952 2320 1707 2202 2451 1819 1267 1625 181 566 2328 1715 1418 993 1514 1223 2269 65 1772 2243 2293 990 662 2269 1646 874 597 875 2047 2793 1780 1408 2197 2318 130 158 2467 391 2241 1105 1814 192 827 1871 789 440 101220 627 260 518 354 1916 318 3209 1014 44 361 1837 1166 1715 1545 1921 667 1709 1561 1536 2219 988 2253 31 662 930 2036 2087 505 2529 2505
1954 105868 1709 1872 2326 101384 1881 221 1397 1952 1817 333 3327 1674 2041 1455 3081 229 2341 142 276 1614 150 3431 2160 2667 1765 1242 1998 1546 464 117 2587 1802 2138 2666 1741 611 1081 1247 659 2018 783 482 2294 786 1961 345 1726 1801 1841 1584 231 1860 2940 1949 329 1819 1860 1436 2049 3025 1002 3634 642 1501 1065 812 1713 105822 1074 702 382 2102 698 1917 1787 1834 309 614 1886 1146 3204 1463 1666 197 1234 2103 2999 2549 925 1285 1346 1912 331 1774 1637 3457 1967 2417
1219 2605 573 267 2367 102313 839 2007 2331 533 475 1422 2813 426 1965 1516 3165 1531 114 470 993 1264 1931 3256 840 955 1534 1757 1851 302 774 619 1644 591 1648 1509 1033 886 782 1009 172 1316 1223 1477 30 2565 2318 590 600 99 2035 937 1344 261 810 876 1242 1975 748 2596 1145 2616 1498 3649 1339 535 1679 2686 1436 381 3128 1486 6 2516 223 1295 3144 2119 1403 1648 3162 1866 1118 2016 3261 2282 2089 1852 828 643 1698 1184 1289 403 1034 2623 1105 1676 102212 1254
1839 3686 1313 64 268 1932 332 1498 322 1723 1313 1619 2083 602 134 1447 2709 1971 2128 1423 426 2298 417 1979 2143 2379 1693 2245 1536 230 1653 1641 550 2054 2044 2662 1876 1796 322 2245 1094 137 189 1879 1378 2522 2158 1650 496 2779 402 412 474 409 2377 36 3193 111663 2963 2652 1264 1940 265 3470 506 318 2084 145 1589 542 2808 1461 608 1636 780 285 1230 1529 2113 2378 856 1709 2769 771 1056 1208 1755 940 2868 1224 1781 1135 1967 764 312 1061 2356 1016 111092 2917
2023 551 645 799 1193 1332 1963 1532 2175 1395 255 833 93948 1667 566 1547 316 194 222 149 191 1920 589 3186 2865 911 570 1607 451 1570 1661 1790 789 530 816 2025 848 777 1922 1929 2658 92 2063 172 907 877 1435 1290 1862 1990 1473 923 957 2041 1185 1330 3462 103196 2919 292 503 1938 1406 390 954 118 2376 996 28 2797 1961 2144 1738 835 1514 1888 2295 2188 770 2419 3328 1049 1460 2289 101077 1598 1337 1548 2277 408 421 1837 1221 2847 2606 3063 85 809 1121 2758
410 2968 53 763 1648 1521 2046 767 128 396 1838 48 110025 2592 462 1103 3079 1541 1052 1876 667 1017 1743 811 3272 495 1351 1321 1879 1284 1599 1736 894 2065 1371 1580 2320 1989 411 712 428 2098 2327 1942 111 1052 2512 1953 1683 2258 1874 1388 2061 144 1042 355 2699 951 1703 1239 1099 289 659 3247 1038 1454 114 1833 1459 2466 286 1992 1673 2499 1751 1291 2284 242 800 2188 520 1225 3025 571 89758 339 1313 258 1693 509 572 684 1472 1060 1083 485 683 624 2123 717
479 3881 691 3118 112158 3887 514 1067 852 265 9 1757 1624 334 182 2727 2629 523 262 1904 96 1155 1064 565 1299 230 1268 472 2182 335 1869 896 2578 668 1326 2141 2495 353 1110 1453 1628 917 1870 2451 688 1891 551 1206 2998 1236 391 1351 830 768 2288 2122 3044 2898 1493 3605 1022 2043 1920 2372 1999 2237 1646 1792 1572 2107 1476 284 618 1395 573 1157 1993 437 2277 2433 357 1502 618 2178 373 1076 2116 6 2848 1605 2017 413 1421 294 2632 3013 1796 145 745 1040
572 1392 1340 815 103921 727 649 84 1330 604 1830 449 3207 346 845 490 374 1366 2160 156 870 1451 942 267 100781 297 277 404 461 282 1545 127 1919 1564 19 1923 654 603 1582 619 454 1220 749 1878 377 1910 232 1260 1084 1463 844 489 2709 2568 1059 2203 1137 1619 1919 3779 875 823 2098 1877 1035 322 1768 1904 1444 2483 3417 2625 2237 1809 824 1232 3619 1065 1485 48 1181 1536 109343 1172 1580 2467 1940 1185 2299 2361 689 2383 1551 1917 917 2116 641 950 4075 1856
2079 1378 1840 2545 1676 841 566 369 1739 1639 1063 474 3684 2882 869 306 860 46 348 756 100 1390 1917 3474 99221 677 1821 1036 25 1844 1400 382 1270 1385 1269 2422 1716 1724 1623 1104 1040 99904 1990 2247 2074 2805 238 2020 571 115310 742 577 74 2124 1916 2225 970 16 2474 1153 1708 2186 948 3358 1909 1966 1233 1857 851 1266 829 1527 535 2226 463 96 1528 2279 127 2540 2201 444 120444 1393 1628 97 209 1380 2380 101 1240 212 1971 211 2032 3103 1611 1050 4317 2671
203 4041 1896 2892 4102 2679 638 1809 307 2449 836 1304 3909 1305 305 1622 2083 1489 1106 1558 519 1606 1436 3650 1382 2686 1233 1986 829 2250 156 2111 1557 458 587 843 1649 46 1406 1080 1688 114253 1871 1714 433 840 608 385 1611 113786 1744 878 514 2511 151 853 886 3415 422 750 1687 2814 850 479 458 282 278 2448 2005 662 2391 2732 1544 522 646 1828 401 358 203 2413 2893 312 1593 373 3764 2123 12 364 2245 889 941 1571 257 848 654 41 1150 2152 1954 1731
851 1485 1460 553 3400 489 2108 1106 837 2766 1605 1977 1422 1682 1385 357 90283 1623 1585 1807 241 1933 1544 65 4455 2388 596 1617 2112 1133 896 980 935 1261 51 341 484 1835 1417 1782 1415 2749 2789 1630 2310 1071 783 1214 962 4009 1310 1307 574 1769 3083 1778 1986 2558 598 1896 1648 82 1851 2932 1992 1916 1586 2543 940 185 3444 1678 1069 1253 711 2336 3787 202 0 169 1662 2017 2781 1824 762 1360 1531 189 1048 875 1587 1767 699 1347 1205 2366 2015 458 1348 707
827 1305 1857 536 1114 2642 98 1405 37 2125 413 833 4075 246 1077 1397 105283 1955 205 226 2016 1741 1435 1515 947 873 523 1085 217 788 1305 2373 2085 2205 435 2533 1288 1355 1031 264 2177 1293 664 292 2202 1733 1728 350 1214 1287 1663 2345 2815 2155 1370 1936 219 3099 827 1448 743 1767 1164 2368 1445 2137 1968 2226 380 3923 1875 2792 166 731 1727 1012 1497 1995 58 100 2001 2000 2043 701 3885 2316 490 1791 1606 2618 243 2255 1723 2733 1402 107751 83 3230 3519 367
1216 627 1611 99 757 3185 1647 360 756 506 2122 967 1208 1992 620 1918 1599 468 1490 965 1791 1867 242 36 2833 1581 1693 606 1147 713 1387 1581 1633 1992 1243 740 40 507 1323 2297 1583 2841 1650 210 1579 239 616 311 2991 4640 1486 1228 164 2221 1575 78 3392 393 2612 2115 1 236 1033 2258 184 1560 10 955 878 3411 1999 1250 685 1933 1522 1533 1949 1987 189 1378 605 511 4587 1533 956 1816 1653 716 2260 2634 748 1210 1538 850 566 96307 2540 54 2964 1465
1276 3156 1440 2920 189 2878 1481 1298 539 991 1070 578 343 2425 1714 230 4495 1186 1760 671 535 1797 1645 601 3582 1489 2438 1005 189 89 1925 1664 410 59 864 1037 2237 328 819 1917 952 4716 2569 1899 2254 2919 743 1506 105187 4638 1687 522 594 615 2771 1065 2536 4173 102918 1172 2337 1535 2049 3685 401 89 1099 540 1742 3646 2768 437 2527 169 1318 1238 1289 1172 499 1268 564 636 551 1813 2182 509 817 1618 97457 1104 69 2492 273 128 390 428 2104 294 814 92
1028 2954 849 2010 4256 1183 2677 165 1255 2492 1020 1280 148 94774 1266 657 4613 1062 410 1330 1740 604 1577 2722 4523 2075 2240 951 1297 1565 765 1570 820 746 253 2273 1031 1919 112 187 412 1100 2496 434 838 99799 1844 86 113662 532 1268 1759 1340 1353 3250 1430 2152 1727 100988 1958 1260 199 1592 335 304 1563 525 2306 1471 1326 120 2100 907 1511 406 391 3394 2343 1941 726 2929 1801 2253 572 2310 1517 266 1175 120413 1936 337 2129 431 1439 1180 4966 1295 2145 582 2542
908 3639 1839 695 2551 86 2231 731 406 2547 1889 1001 889 130722 2073 1180 729 1477 1378 428 1584 2334 924 243 2604 2590 136 1377 1206 389 1098 2291 2283 2309 485 103483 1215 957 1210 1251 1895 3051 357 1794 1452 110081 786 1490 2956 4 2310 1844 1083 2362 273 933 2382 613 2012 3190 1658 1740 1378 1312 995 64 1326 1397 699 1279 1457 103727 1018 1910 1660 108429 3369 2100 772 1899 3076 995 1062 95 3269 2369 1948 238 2776 777 142 1178 2122 717 2254 3564 702 454 1777 1065
764 3333 527 1176 2238 1605 192 177 761 88400 1180 1336 1701 1611 2071 1862 5155 85 556 545 665 39 861 9 1228 317 2261 1985 2085 2166 183 2352 663 1382 1716 120187 1670 505 1862 363 29 1124 2192 149 2300 5859 205 1339 2496 3291 665 2216 2763 900 1747 1723 986 411 2729 2741 2153 1139 666 199 1366 1332 1960 1263 184 1305 2228 99625 1794 1358 1601 114533 2350 240 2154 1038 547 1901 3384 802 1220 34 450 1164 980 1632 1087 718 402 3157 1838 3708 802 152 2166 2338
233 2301 925 3899 1366 3930 2590 71 1274 95891 1155 297 444 1239 537 18 5134 522 946 1969 726 1489 475 3728 720 704 642 337 421 1480 122 2109 179 1181 2135 775 1265 235 54 1636 2271 3652 108842 2481 1173 445 39 1273 713 1216 861 170 1765 2373 432 1598 2307 3691 3165 3755 997 584 569 2371 1932 1888 1509 100301 80 2521 3262 2944 1220 2087 76 1844 3434 202 499 1722 1200 1095 871 2328 1919 863 516 1512 5638 459 635 121 243 2041 2743 5055 314 2413 1115 815
1415 3569 736 143 3654 361 4 30 1297 6238 421 187 1961 3836 178 100628 2669 1647 727 212 1039 90 78 1067 2064 251 2051 820 600 2306 1523 941 33 2401 1789 2090 2083 209 1132 421 717 468 89593 2369 1090 4729 1307 2034 614 1714 1700 1407 2005 624 192 503 1040 3298 2624 3404 1165 1645 1067 3193 997 198 51 100079 1344 209 3485 1256 45 1223 1180 2213 1470 1140 905 245 301 1168 1175 1347 2664 73 424 360 1012 555 73 855 2062 100 2649 3084 2258 2424 3277 2643
1740 2129 476 2154 3445 3388 2270 1167 1897 205 1503 2127 1071 391 1894 96259 1247 1092 1388 912 435 108762 91 3287 3556 690 1028 1043 482 1682 1519 1518 403 1153 464 3605 1190 437 1560 1919 2454 4907 2062 2014 1324 5725 1152 595 3007 4365 109 862 2017 468 1131 587 1236 1689 2194 629 2070 209 1296 521 252 2167 1228 4230 474 2446 2072 63 673 461 1099 3251 2383 1525 933 173 1969 733 683 1036 415 2034 732 184 883 2647 1824 1208 480 1555 99246 327 2219 2008 2061 1373
288 2839 1613 3262 2516 585 100046 387 259 5759 117 810 998 4503 1873 3433 4506 1066 511 1773 2 126074 1815 326 2495 646 441 739 1892 2037 1785 1710 1061 1784 1599 2086 1778 2024 549 1257 2257 1371 5580 2294 1842 6 1698 850 1795 78 742 617 809 1376 2112 1044 15 1815 4647 1460 876 1262 484 2891 1815 64 1176 5622 21 2803 1786 5759 1487 1209 800 1567 2927 1207 1274 2326 1102 1769 1826 1952 1208 1382 1893 2161 2646 2656 111 854 1747 1476 107110 2313 1775 1296 409 1402
14 3284 2094 2151 4717 3658 108925 563 80 3346 291 1714 977 884 1442 5360 1770 298 797 761 1270 845 1263 3410 2560 2525 55 132 8 2275 1465 1489 2602 1251 833 1090 982 1392 1502 364 677 76 1167 2127 1009 4328 176 1024 146 1619 477 2 576 587 806 74 696 2834 4176 3226 544 3055 982 962 97 705 98182 222 284 520 2388 3789 1643 313 1814 1866 3095 102059 1506 2586 1170 1107 3775 1778 405 1832 1069 725 5373 329 832 841 761 87 6431 447 348 921 3753 283
1299 1165 1576 1714 4303 2916 3189 2026 295 3589 1313 1552 1927 701 624 4999 3884 1905 712 1921 79 3218 1363 1716 2589 712 1903 215 48 145 357 1930 1764 490 1658 4098 1165 434 149 718 1694 428 3251 1918 1622 3442 1168 1224 1223 2674 1247 901 1732 218 3118 1338 3195 2274 2251 1147 205 283 1831 866 2186 1783 109802 286 1949 3459 654 3644 1022 880 1765 238 3394 116410 1995 2152 901 1399 215 94416 3491 1782 1586 99 90 619 273 1704 1336 3054 1027 3085 1292 909 2241 2922
2013 962 995 2894 1263 1722 6756 733 2264 3410 97 1142 566 2036 909 3042 3408 198 1070 105 1492 256 949 3264 203 140 764 1413 574 543 1755 1671 104756 1667 1084 3414 2140 1304 1786 2271 1723 1303 1286 749 67 5854 182 1078 5501 573 131 1655 1888 2505 895 499 2233 3832 4139 1824 517 272 2211 1134 1938 121 5032 702 1932 3261 1536 4227 1874 2527 191 2923 3254 164 884 1602 1564 1912 2058 120067 4539 103545 141 1055 3414 926 1037 902 95 594 1112 1265 263 3290 2248 2939
1953 2189 380 1077 2045 2906 4808 739 1270 1944 2086 1742 3168 1491 1605 952 466 1437 669 1470 480 6545 1010 1378 3482 2060 1163 1824 1469 606 1437 1933 111525 1469 945 3721 1127 1678 1679 984 1271 4901 3811 2235 2227 3531 841 809 2682 3015 1877 1638 412 1 359 2057 1225 1527 4660 254 2363 1942 367 3791 1376 529 2111 26 1519 127 3616 1095 1977 2406 1074 3672 920 3903 498 662 2629 1891 917 1529 3447 98121 502 2064 2466 174 571 1241 1893 2202 1562 3051 1838 1984 210 1321
631 273 1659 2364 1609 47 2970 1721 1338 1591 238 1395 3882 994 1832 5329 1313 758 2206 759 1028 1261 926 337 4463 76 627 104501 1715 1449 1250 1364 6717 2035 1805 1718 4 342 949 106676 2617 2295 6430 210 2210 483 922 255 4350 2727 1134 1893 1258 1577 2641 169 1189 2334 2081 3074 1467 1426 344 2689 1257 891 733 5149 602 3777 3004 5323 406 104285 311 492 329 3850 294 136 1060 543 116 2151 3234 3937 1156 1014 1452 1333 946 1319 783 1724 4148 4250 2458 3367 3368 2616
1398 1834 748 35 1420 3300 1422 1754 1539 2897 56 2111 1365 3063 252 5964 311 818 2100 1704 1305 3100 1629 1665 307 586 92 111548 1451 2196 444 1605 6075 1000 1751 990 1443 1363 2159 108344 1690 2261 3773 563 11 737 1180 1196 264 4732 1009 844 249 430 892 687 1704 1156 2177 3722 1886 1665 827 160 855 1210 3523 1801 859 1708 345 3546 2161 116917 248 2367 823 1496 785 2293 1867 508 1146 1929 943 2009 1315 141 3858 2406 1820 2460 1257 1342 3457 2302 1744 1641 2021 313
375 3942 1946 10 3179 2430 386 1555 1079 394 1699 547 116 2022 899 1543 3152 1239 1682 1412 1268 57 1701 3511 3983 1514 1441 5893 545 720 465 2395 2112 2138 111 130 96058 432 1697 6310 619 471 2964 1413 855 2728 2299 1998 4837 106 1669 1484 1670 875 2193 1092 1829 3009 2119 3762 942 2654 355 243 1555 1466 6281 3299 1297 3314 883 1851 1233 2488 611 5570 2059 2660 1956 1567 2062 1889 2792 6104 1402 5685 1404 1312 619 1972 1687 2587 1414 3186 904 1236 35 2228 2644 1430
1206 3164 2042 307 149 1921 1137 324 1916 892 1333 1392 4209 2945 1280 5683 4610 538 1914 998 1184 4167 112 3682 3239 2365 105304 1895 1087 133 223 1741 5599 358 0 1913 116023 693 1643 1505 1420 2013 5743 542 1174 2652 1312 164 3370 3890 1180 1776 2598 1682 2570 1571 241 472 1407 3670 90 2004 325 2555 829 135 6188 5999 628 1734 2437 3698 841 2689 968 1870 2086 1732 53 1833 1064 306 3683 2573 2537 2050 500 746 2850 1175 1091 2481 1743 1388 4506 5215 2329 2747 306 2198
788 1349 514 3882 4205 264 3201 1204 510 2350 2189 1036 3646 953 1840 6487 995 246 1969 373 757 381 2105 737 260 2382 81530 2169 2061 1336 843 561 7850 96270 1965 2705 5241 863 713 6064 660 374 3969 696 1798 1896 1919 440 1159 268 1568 485 897 2023 1533 1199 3213 2073 2432 3218 689 2558 2062 1874 330 1530 6939 5757 2043 1822 595 4749 228 3140 1299 2175 3044 4019 430 2084 1614 635 677 6915 1714 1963 1918 1744 3207 822 915 1563 1763 130 5346 5013 2308 1932 455 1304
856 3698 666 260 1879 2827 3685 460 2338 2686 617 1822 3728 650 176 1528 2438 182 101604 970 1856 1189 1686 78 2677 1106 1360 6647 1244 524 1318 90705 837 109002 1023 5685 6076 525 2077 3617 1451 1596 6086 24 1582 2828 465 1353 3261 2072 343 456 840 854 1414 95622 1044 1998 4380 770 2276 1623 2136 2784 449 1602 6101 6414 168 1973 2524 3067 454 6187 907 2969 705 4659 348 580 2003 452 4251 2678 4027 6198 1148 1565 548 2675 1476 217 216 2986 6739 2676 1245 2092 4303 2182
732 52 260 3018 559 4008 4840 780 624 2440 1787 1500 3892 4053 1158 766 920 108 128458 1292 1884 5055 1094 2929 1648 2596 9993 5020 1171 812 29 127670 2804 3885 1484 1581 7136 2064 738 3184 1872 1395 5470 633 1289 3916 378 505 341 2138 763 2235 775 1163 569 111096 2160 2629 5487 1264 575 1850 615 2307 642 1084 3083 3949 877 2567 1962 5258 131 7022 1114 428 2164 5319 1408 2263 3317 280 2092 2849 1223 6513 74 1547 733 929 262 754 1474 1592 2520 1283 2553 1500 8 2601
1589 383 479 2311 882 3979 2529 1351 2214 1607 271 948 3855 518 52 2377 992 295 6395 52 297 3467 1010 2782 2823 1688 223 3975 1138 96210 322 2677 3157 9872 1222 4447 7846 2013 103911 5840 1372 1485 6259 2350 1515 1547 1552 1623 922 1944 1015 1613 485 1012 74 6153 2192 3830 310 3807 1229 3069 2223 3421 1699 2261 32 6311 862 2758 2700 2795 2632 1636 1199 1273 1327 1614 1810 1063 645 141 2213 1161 3868 6358 544 171 307 471 973 1103 1443 2015 5057 1802 156 2229 2937 2292
1371 440 547 211 1888 430 3017 237 642 3307 2316 1921 3221 5343 2028 2677 599 414 4084 2038 1800 4585 165 836 3512 1793 5374 1575 1863 128773 1597 3038 7511 1758 1898 1814 5887 3 108913 4516 2241 2803 2144 831 840 5753 1023 999 214 3082 109673 2273 1074 671 1050 10052 1037 3910 2964 686 911 1452 135 254 1463 1092 2747 6135 707 1717 578 4466 2153 6452 556 4934 231 3682 1941 594 672 664 2947 49 3467 2964 1094 357 4771 933 1677 421 1314 1084 955 4098 1013 107 3687 833
874 321 618 2427 1134 586 2127 1231 1040 6039 435 2051 3919 2885 999 5642 5076 387 2374 1246 1574 1150 87 61 1470 2100 9675 5420 726 6946 1007 5701 3921 5221 524 5766 4725 569 2322 4257 1284 4783 2066 448 1859 5369 632 912 1932 1691 127529 1211 2377 1417 2181 916 2420 4001 1344 2399 1332 3036 2052 557 1655 761 4375 5194 1194 663 2011 2382 12 6725 832 5648 3842 4699 103726 1979 2691 747 620 6308 4525 7877 710 406 4282 212 1858 1830 1291 48 6685 1792 1754 157 1406 911
1225 2080 33 2831 3246 2803 3471 1396 1811 2298 1497 1389 3394 666 276 3747 1189 1541 9268 1043 230 4086 110222 720 3068 1650 7592 4702 349 10095 1515 223 144 8157 86 948 3963 695 9395 2386 978 4061 2865 54 1786 3270 196 661 2443 2766 11544 1123 2526 1835 1936 5055 2218 3228 960 1894 1048 1985 672 2251 793 833 852 5836 617 1168 25 5719 2588 6005 1263 4798 2999 651 140219 1234 48 1744 4580 885 3656 2787 2031 860 3967 1710 973 1088 1346 2179 3428 3806 1126 685 158 2437
767 2055 780 604 1658 4075 2638 582 1217 5804 1897 1250 786 827 1873 3570 2550 130 10959 1720 672 1353 94183 1861 3961 893 2883 3194 1816 10106 96653 1583 1405 6906 2122 5987 3936 1290 2056 4764 1586 2441 2992 1007 1175 910 207 1021 3747 672 8534 710 2463 1046 3161 9019 2182 1343 5007 1756 759 2303 25 713 146 760 1253 3269 2000 3246 1813 2314 1925 6505 1428 1384 1999 691 209 2109 1980 1764 658 4660 3377 6114 847 1483 43 863 802 949 1159 2796 1687 646 1398 592 1553 992
1121 1287 1260 2436 4068 1534 829 1750 561 4829 658 866 1007 904 248 4861 3643 801 5873 2053 1634 685 11205 2943 1493 858 8366 167 974 2719 97064 7345 3813 2548 527 3549 7492 292 1558 5152 826 617 2144 599 1889 2246 2433 345 5354 3381 7898 782 1366 863 1084 6758 1270 3153 4448 1227 2018 1271 1921 1648 93 2312 1438 5162 1961 3000 1749 4289 1932 342 567 5248 345 243 3079 497 1966 1359 4003 3596 1403 3790 522 879 4407 580 641 2422 382 2019 6633 4699 2192 2211 1020 1404
159 1148 1254 3539 1425 3610 2473 1259 1359 5451 2170 13 3892 2456 445 2118 3009 1922 1768 1326 888 5326 12870 2281 4105 760 8974 3649 427 7404 5849 4729 7378 5708 576 2911 2543 1408 8354 2988 2400 3364 656 517 1339 1768 123 1228 3635 763 1027 2107 2270 370 3158 9089 62 2362 1587 3287 346 259 1092 3422 110991 1174 3916 3348 1749 1530 1891 4747 2637 1244 669 3677 1528 5849 11444 302 304 2005 2412 1127 4381 7172 904 102485 1744 665 1090 1059 1595 2148 6648 3056 1558 3123 4195 415
209 2395 2034 3589 3725 649 3549 1663 1057 4144 685 1 175 915 1539 5261 2827 961 3632 524 335 914 97 2119 1966 1300 7304 7441 955 57 15371 3411 4302 6692 847 5531 1547 762 9631 1593 2450 866 4729 256 1576 3025 887 1503 5277 345 966 1329 677 20 801 5232 2949 640 5529 1609 2249 2203 1886 2127 118961 905 606 600 197 2748 3470 2665 176 3826 893 1416 1393 3003 355 1773 177 1887 897 2675 4145 5285 2099 128479 4792 1214 1869 1857 1717 1379 1818 4719 1291 3095 2508 509
310 582 1247 2145 2063 1323 3796 879 1326 4130 1078 1044 1782 3178 1363 1012 1327 362 2063 1203 632 5086 479 1888 1577 657 9611 4793 1793 444 12760 5088 4800 699 44 4179 2039 1622 10021 4843 1687 4725 6258 92 2231 1793 2272 1670 4079 2316 2293 1073 699 179 2228 1695 3237 4428 5318 372 206 2227 1430 2557 12441 2158 485 2114 1127 1211 14 3521 2798 6571 108625 954 1540 1139 12308 1615 821 261 3914 1426 3679 4071 669 12071 2380 2389 1288 544 1494 293 3429 4567 871 2817 4207 2917
1403 70 1627 389 3431 1934 3781 2064 1923 5042 2168 876 1093 3955 251 4910 4010 1665 7942 104651 1967 5500 14281 662 949 133 9439 3762 1097 46 2256 7501 3501 1425 354 554 25 106520 7602 2502 2370 4122 2798 2437 1622 5764 1162 860 3952 2393 11078 2038 2009 590 286 5602 349 765 1621 1100 773 2663 1517 2435 18964 1227 4261 1881 287 2909 1864 3530 2477 552 123223 5774 443 6228 2181 1756 2045 632 1701 4379 3506 992 519 7587 695 2605 65 96 2162 1986 669 2509 61 2218 1260 1253
1965 3650 168 996 1206 3517 6846 123 457 5142 1857 1800 452 4763 646 5468 1419 1369 564 152341 106423 3788 4867 764 4181 2328 5883 3205 1819 1499 5958 8107 2890 5091 955 2989 3298 131593 11549 7261 1028 3102 3087 2277 197 851 1477 104834 2612 806 1892 503 1788 416 359 8124 1231 3226 1953 3030 1301 1530 2196 948 7970 2070 6367 3902 714 698 1437 2885 1610 1520 2488 3803 537 5189 9886 2120 148 1736 837 3814 1616 2667 1077 19609 2137 1472 1842 734 224 48 4717 2020 2096 502 2388 349
792 3716 2115 21 1037 3281 2813 537 1348 5663 781 282 1855 717 98 1183 4417 1719 1446 27860 143424 1170 14704 3164 4733 1724 6179 4211 202 5115 15446 3144 5625 6757 1075 2559 1617 4096 10684 3685 531 834 3473 1153 913 104 1995 119716 837 4386 4637 1959 2518 1519 647 297 1967 2313 5075 1955 688 1376 896 1162 4709 1339 5036 497 103612 3737 3093 151 996 6609 24336 1726 3112 6493 3405 351 1303 1445 546 1119 364 4377 186 8421 5397 225 1478 1785 579 1702 345 4444 828 1481 2871 570
569 514 1729 2663 2589 3349 5058 600 2082 1202 261 174 2089 4038 1752 5775 1879 64 6468 8253 27956 3747 10079 2696 45 1433 8246 5632 1638 5735 7811 8662 965 9934 1422 605 7537 21045 1709 6445 1018 1545 6253 241 1985 2399 818 13873 3172 4231 1728 475 2770 2483 2701 730 3269 2652 2368 1317 1650 159 987 1691 6851 1973 1153 1799 146948 3574 1968 2002 2023 3249 19353 2990 2185 1698 4921 1903 2889 1270 2826 6820 4333 2064 1534 3205 512 603 1721 2504 873 2028 2285 3943 1501 2526 2471 646
2098 867 1776 2895 4689 2790 6770 1740 845 2478 186 26 1814 635 1284 4829 3992 810 3704 9046 7028 5237 13281 2980 3321 79 2345 7161 428 4664 15597 5278 1928 6264 1064 1078 2414 24363 6889 4921 2412 4241 4160 653 410 1368 1871 26737 3464 3740 4423 478 2249 2315 545 8052 154 2522 4679 653 1623 2322 1480 1086 12677 185 6838 5129 17156 980 1852 2711 757 6042 9251 821 1767 2229 4060 2219 2413 663 3987 4997 4295 1563 136 6953 1294 1032 1594 1481 338 2805 6566 629 132 1894 1667 2550
1311 2043 1456 3572 2641 657 3501 1724 182 3127 2186 1709 2575 4164 664 1991 1837 1399 2119 1923 3333 799 8581 1771 3797 778 9271 380 1984 5859 12427 596 2107 983 419 821 6771 11501 475 4212 2588 2144 4495 742 1153 2050 624 16904 2120 1438 12057 134 2852 41 2570 3189 173 1738 1535 1427 211 237 210 3313 11131 183 6003 2672 12092 2288 964 4435 85 2702 8513 5706 1863 5266 3410 400 1055 759 234 3386 4101 7831 2007 10374 1206 2721 708 66 2100 1713 3423 4362 758 2885 297 2405
690 2830 570 3516 3805 3920 5483 1432 955 6105 1323 691 3906 1942 79 3234 2537 1937 2883 577 18259 959 15373 3064 3978 1994 5752 7561 984 10538 9461 5247 3034 9098 1688 474 3884 7402 8842 5611 1394 229 4436 2089 606 2543 1603 22770 3863 2672 4394 787 1720 303 363 8941 1130 189 1634 472 1580 3128 272 2918 6296 2354 4845 2616 23804 1931 283 1494 923 1577 12836 1870 472 7114 4523 758 1971 1711 2650 6803 4429 7612 184 3301 3108 551 1155 969 1470 433 793 3333 1288 549 359 2669
182 2008 9821 2769 7290 4749 5722 7571 280 8234 8274 9795 9429 7582 8948 1535 8070 5692 9515 330 3123 203 1006 9136 7802 7775 2613 1574 3575 1240 7309 1317 1874 4537 1373 5913 7738 5003 4778 7125 1857 67 968 4889 8744 1762 3794 2487 1693 124 1196 6642 2337 3804 1078 2472 3071 2789 228 1906 1026106 2827 7068 5497 9590 7508 1599 8571 1962 5273 6988 6542 3092 1793 610 8645 1869 5136 9188 7857 1550 1227 2274 5465 1284 3648 565 8220 2529 2660 5914 9926 7539 6892 9700 146 9256 3024 4075
9280 4242 5373 6633 6711 2279 2875 4231 9852 5084 7054 9731 3732 2036 4016 4197 6806 899 5119 883 1396 4856 2306 6497 9515 7194 1970 556 169 6498 711 9193 3983 7706 7953 6729 1240 2948 6456 9521 4713 7982 9702 1527 9992 1700 4419 1839 5314 5431 5361 6647 8039 7357 1401 6687 9193 4936 3893 9262 7654 3867 8336 5232 8801 7723 2955 9028 5832 18 3202 982 9601 7930 862 9416 4775 7096 3116 6886 7508 5206 5422 3978 2446 5334 528 9085 7655 1172 2397 8640 6784 844 1187 5594 8958 1275
4229 4018 6144 8106 7456 1007 7231 1144 1152 9742 7238 631 1021699 4452 2853 5563 878 3268 9937 5486 559 1411 5470 2391 8979 3019 4463 1067 8233 1008797 7085 3125 150 3690 1019927 5987 2778 2644 8793 1617 4019 352 336 9946 6512 9231 2684 683 1209 8109 9623 4202 7742 8201 1007845 7319 9037 998 6924 5107 4888 8482 5991 1342 7461 4309 1004886 7669 9176 2988 9047 1116 8510 2295 5275 4071 7580 8272 2978 1022528 423 6365 1640 9268 5845 7415 165 9071 2500 7147 351 8761 4089 641 355 1776 5740
2572 820 5784 5874 9793 5698 3025 3739 3659 4287 1001736 9677 6510 9886 6369 8129 4635 1613 3699 5084 9364 1032453 5764 433 4768 3023 1006455 4148 3617 2266 1009122 4626 9444 4714 2661 1014080 8697 1021090 8504 4417 1268 629 4133 1260 6771 1433 790 1019533 8256 1726 1014672 2123 6713 3838 1600 3962 8671 8709 5076 3666 1948 1219 8621 2127 4632 1183 323 1450 2157 2206 9258 856 2378 1349 8309 7234 8693 8587 7688 1032677 1300 5186 3521 5610 14 1928 5786 4280 5166 9433 2904 1024921 1018680 1008583 520 6315
2111 9260 2187 9320 517 6207 302 664 6820 1750 6544 7253 2573 5883 3966 5663 9343 690 1281 5105 9403 3434 1914 3716 3766 3778 684 3875 3054 5901 2219 862 1824 73 9668 3778 4777 1022124 2733 9817 4859 5393 8046 4655 1059 6338 912 4965 6697 3493 8677 7689 5672 6940 3049 9125 1022 8584 3319 1024006 9430 6590 5054 2272 9684 3005 38 129 9984 3630 2654 4355 3799 5165 6184 4758 1919 9303 9287 7117 9178 7108 599 4120 1964 3976 3870 8498 9456 1716 8177 9708 6215 4242 7514
4345 5875 5697 265 4587 4612 1805 2249 1455 1376 3907 4020 3796 8040 9843 1466 4257 1337 6071 6094 1607 3776 707 4065 7125 3090 4830 1251 7355 8011 7088 3094 7554 2085 2348 2550 8122 9483 672 4246 51 5134 3786 8781 8288 200 6590 7601 1352 6463 5941 6674 4879 7260 2408 2170 8661 1917 2301 3764 2541 9000 5233 8603 4129 5969 7111 2180 916 5006 5055 222 2984 3048 7995 152 2897 3221 6655 1156 3434 6580 6071 780 4038 1002616 2828 1730 9594 201 602 8332 73 5719
1724 1391 1903 3921 9001 7979 4067 5013 1028 6760 7623 136 1022446 6447 4273 888 6254 3372 6671 7984 1300 1011 9478 9004 2058 7904 6476 8174 6156 7267 5671 5360 1482 7660 9845 3835 1019755 1860 3421 151 3764 988 2470 7380 2378 1209 1047 1033 6244 9873 1759 170 3028 9663 9734 6863 4824 8093 1459 1017571 4716 9810 2575 4699 1011298 1015850 8681 1017880 2133 966 6812 1726 3082 1651 6095 7269 1287 4911 2763 2143 425 2985 530 9676 8145 3192 861 59 1566 8544 9527 1021634 289
2128 4937 1167 3677 6015 3045 8656 2686 6601 215 624 6203 6964 9896 8259 927 9416 3717 9524 8932 6654 9344 3468 97 7751 5365 4806 6294 3281 8496 9569 7908 86 4429 6246 227 3221 2096 5802 3454 9765 4358 5622 4994 2295 875 3077 9607 6284 4653 4670 4846 8135 8465 8323 7820 9188 6661 2441 1493 2408 4550 2089 861 3707 3635 7606 9963 8612 6129 7696 8575 2851 9184 616 4261 9717 1013326 3189 1130 9539 5531 5894 5886 9692 5453 4217 4043 4741 5685 1116 5990
6574 1169 1410 8995 2711 7123 2504 6541 3874 2738 5912 2134 3482 1008319 1853 2380 5685 5451 6025 318 9062 2759 6628 4413 2438 701 2630 5286 1348 7053 710 1550 6970 7433 5715 4879 5442 3141 547 1027 6777 650 1835 2014 675 138 703 6208 1663 9977 3290 1323 5500 4730 5423 195 5260 199 1009 788 2872 7365 6849 6280 869 5255 4694 408 1013 7458 9233 1890 96 353 7281 7117 3141 9465 6420 1705 5196 5232 5424 8250 5358 746 1489 4871 3126 5540 6611
1885 5642 6901 4115 3994 3317 2145 6769 5735 9927 1216 1176 2245 5456 6239 8337 2907 6520 4805 7845 9470 1602 7912 8834 1763 7602 7632 8080 5793 8781 5613 7124 2635 1840 7925 3909 3148 5444 5681 4637 9267 1312 8616 4114 2610 2256 2764 2597 7569 612 6644 4474 280 7820 9241 4202 3549 8130 5893 1877 3882 1048 7672 1740 5347 1652 9149 5519 1303 8922 9037 4194 437 7833 2003 5365 2609 5976 4448 6387 5847 7682 4687 2619 9550 255 4347 942 6321 2534
5247 1912 3002 9295 1807 1031155 4432 6654 1270 584 8963 3197 991 5607 2469 5241 5704 2905 4811 9872 6947 9236 740 1385 7854 2015 4569 4165 118 7207 8278 5028 4632 9569 4424 3435 8169 2032 7016 8117 8662 1402 8503 2103 382 5014 2378 1024520 494 7064 6424 513 445 7712 3505 609 1514 9216 8337 885 114 7117 6949 5062 9431 1352 8525 9459 2509 1018077 4019 4241 4919 4315 9708 6175 8881 53 9900 8047 1903 521 2063 546 6262 7119 4725 99 7481
1428 189 3991 9656 4600 2581 9011 4243 1652 1393 1135 8949 6192 1850 7386 5615 1860 9769 7566 3762 2637 8565 3429 3602 6611 5448 3163 247 1497 7705 5366 9557 980 6869 8676 2430 1247 7519 4644 2886 7214 1012683 8312 8904 2018 9013 9609 2776 3389 519 1739 5128 2342 8458 6898 6782 8255 6013 9333 4918 853 9540 5010 756 4248 5299 7907 4957 8459 1291 2192 1159 9902 531 1381 3854 1003 3963 2661 7640 6141 5661 1934 8683 4088 5158 4383 6317
3493 9524 8871 1788 2236 1119 5632 7776 9335 7036 7964 9358 837 2752 6047 3006 3932 9410 1278 1951 3490 1717 9686 5129 9710 4612 1935 7427 458 5263 4274 6294 5484 7461 6602 3506 5894 8818 5223 9296 2859 8283 5672 7815 4482 4551 3066 9891 1408 6736 5019 7571 9633 5546 3524 7682 4342 3124 7143 5496 8310 9165 6358 2785 5278 7641 3428 8318 3579 2804 4239 3211 4858 9877 1166 8114 7005 9287 8727 2494 9553 1796 165 4530 8318 2515 9480
5882 7102 7124 2429 4322 466 2745 112 2774 3505 8055 6335 1770 1315 7037 1761 3867 493 69 5126 870 1981 1657 977 9639 7944 8519 2051 1172 7170 7943 1482 5067 2942 9949 4282 937 9559 1211 9178 765 8686 6872 82 7773 5557 966 2100 2055 7276 4513 4313 9530 25 1844 7453 438 1277 1008 2094 8673 9781 943 8688 9788 4702 6806 6965 741 5885 2490 6891 9407 4461 1364 7206 303 2570 599 6496 3319 7838 3505 6030 376 9418
1057 7189 7683 2136 5240 7788 3810 1246 1651 6116 1008277 4806 312 822 895 1014011 1070 6283 1634 1026822 6210 1858 8935 1818 1014664 4813 1014115 4397 4750 8125 8055 8248 1527 1680 615 9921 1007367 1639 1725 1013703 5690 9549 3518 6333 490 1205 2461 11 9697 1779 8527 6881 6267 3198 3311 1501 1215 4916 5651 5359 5056 1759 4511 3339 6511 1046 456 7455 1018180 2231 2091 9718 2477 3396 9407 9180 4773 5083 6569 1459 1002136 1020266 1025918 3637 8262
6467 4206 6859 9335 3292 2815 3181 9710 1402 7288 4715 3057 3408 2111 9916 344 1011458 5717 596 7987 1759 1024592 1131 9697 4431 9945 6364 5950 25 3320 5675 6332 215 4156 6331 8054 1662 5247 975 4801 9305 1016762 9439 6468 1045 2469 2062 9466 8994 705 217 917 2904 1011402 626 7509 7305 3847 2542 4185 4566 4995 2235 9253 8005 2369 1007095 1269 368 732 1437 7664 3793 8909 545 3073 4861 7632 6542 7490 591 761 4589 6522
327 6915 5689 6793 9538 6201 3777 6449 8795 6121 9373 3208 2242 9813 3365 5595 2220 7340 686 9204 6508 2537 9799 223 3761 154 6659 4842 2543 5188 2295 8315 3379 9124 3927 6310 3041 9465 2588 7839 4543 1016625 6569 9021 5880 8593 2558 1440 6954 1288 8892 3269 9633 9286 474 3527 808 1802 2535 5512 4460 6121 657 1030832 9412 8006 6373 4996 3038 1694 7464 11 571 114 118 4925 5182 8107 825 4702 1233 3545 6877
8346 5896 860 7345 7920 3226 3559 9408 9204 3726 5762 7425 6864 7170 2751 6411 891 5297 3775 6701 108 870 4950 9742 3792 4188 8892 1360 3371 5881 1001525 586 7563 4106 7332 1158 1059 7936 2859 407 1959 9339 1910 7392 8531 9558 1769 1029777 9441 3363 2198 1795 4603 5288 404 9207 8669 5787 8780 553 5391 4186 4630 1083 8690 8078 1604 1391 4392 8785 9117 3780 8297 2541 733 6854 674 4711 9914 4559 6273 9628
6282 210 9919 6138 7732 5706 8941 7874 1204 9070 8035 3596 403 9015 9668 3245 9414 7333 390 3781 2661 127 6305 651 159 8074 4693 4925 1260 2268 8881 4258 5411 9218 9041 5427 7406 8782 9704 7193 2426 8005 1294 8488 9443 2920 316 45 9328 3168 2550 3396 1339 2400 7015 7070 2020 2054 7475 3888 3558 4002 9401 735 7337 6522 8745 6555 6346 7565 7925 1005497 1544 1030 1721 7398 7728 6452 623 5000 9980
2888 2623 5031 3911 6974 6101 204 8212 1296 9701 521 2079 439 147 1386 7108 4099 1294 5386 3456 4605 5212 6153 1026021 2251 4124 4092 5985 1156 2456 5173 1136 6452 8922 4709 3889 7042 1104 4544 3463 7041 5843 7903 5777 5684 8068 1005243 909 2661 2744 1945 1011320 1012039 582 1004769 7848 42 9870 3732 4158 5392 2317 8173 7094 5326 5246 9223 1233 916 5283 7887 8101 4801 3092 3275 51 6193 4758 1021259 4986
4424 7408 5951 4506 7123 459 8570 7387 1517 280 1173 8639 8175 2422 7687 6053 9708 9188 8451 2351 4796 8228 5811 2519 519 736 9108 9517 8005 9217 7857 5652 4803 8926 8517 4030 9465 8674 7019 3365 2522 1537 2664 5036 3643 5788 7947 741 8535 9363 276 100 2 6939 2739 9939 9949 784 3730 3543 5050 5085 9542 7587 6256 8121 5985 124 9329 5396 8428 9038 4874 9778 2452 2637 5514 3911 962
9486 2247 2644 3967 4854 7437 8593 871 1954 2041 6268 701 9641 1910 641 4128 2768 9973 682 8861 2237 3794 9272 1653 3262 196 4931 641 1018 5397 158 355 8983 20 2463 8494 5134 8663 5006 2952 221 4484 6779 510 2844 7218 7109 2745 7073 347 2248 9041 6263 6133 5287 1631 6029 7778 715 2567 2363 20 5306 4758 458 9765 7739 9752 4213 4822 2633 573 1994 2006 166 7804 1862 262
9282 7065 8144 1578 7788 3651 84 898 8600 5537 1859 9482 9106 4959 1912 3999 9234 6115 6271 899 8417 565 9041 4947 9803 7566 7363 2535 9765 6928 1856 8217 432 9302 4756 8298 4990 3981 5258 6065 1780 4932 8104 2069 338 7008 3050 5997 4767 9683 8844 1574 8232 7918 1324 3190 555 6612 3711 2734 8238 6384 5506 5077 2934 2218 8516 2178 869 8247 2563 1962 2035 847 6020 7643 6736
2066 3911 872 2137 1261 6202 8678 9177 1258 6445 6054 8034 6470 2325 6309 3740 4374 869 2720 6573 188 8330 1015323 7930 1591 7526 4036 1212 1466 8623 5972 5047 414 9081 3062 679 2729 6433 603 9803 6961 9003 7932 23 8140 9023 162 981 6026 6287 915 5772 9829 1469 9646 9700 6087 6586 88 3032 1677 7298 1095 9644 9259 6822 2128 7137 3744 3226 7244 1383 27 2816 2801 7251
1470 756 2702 7394 3394 1018 1782 5132 3836 805 3024 3500 3502 8169 8574 9694 7985 9027 5790 2090 8273 2920 2750 1201 7273 3099 4467 1749 3457 8147 5291 9550 4085 1772 1072 6970 2696 6300 9792 1124 8217 9274 9308 7673 9765 9914 4766 6967 7437 859 4335 503 5753 6837 9191 1660 9597 8173 6870 9756 4410 12 9618 6927 5224 9151 6690 4726 5380 1022591 7307 4861 9525 2643 6617
6052 7731 373 1824 1020794 7625 2675 9747 1029563 5226 4487 1909 1949 1017538 633 1010558 2517 1439 1571 5120 1263 3600 1109 1402 6701 1021516 4026 1805 1017631 4854 2283 1806 1796 2720 1154 796 4528 2222 2722 1010 3903 1612 997 5406 1209 4002 8261 5907 8167 5559 3504 1787 1845 6772 3158 9634 4424 1010874 6725 351 5361 7383 9623 468 786 8676 6473 5081 6161 1019907 1019311 1016915 7483 9528
3479 2075 9387 9669 1675 3724 5867 7482 171 9197 8138 8380 3642 3472 5982 2917 6024 665 8620 829 4464 6931 2694 4776 834 432 1092 8208 820 3920 9750 7749 5492 2196 7673 8529 1554 1858 8568 9312 5148 2044 1477 4304 6505 9277 488 4038 3706 2819 5383 6690 6670 7027 3751 4355 2421 7721 9362 5198 6760 5519 6713 283 9814 8400 3595 7888 9714 6894 247 82 3995
7377 607 9273 1292 7680 5310 4788 773 2005 1035 8077 1705 8092 5678 4910 3099 8476 2882 2260 1170 1177 2635 9762 132 2905 2090 5593 5266 1382 7599 4055 5952 2899 6143 1326 4841 9747 8839 2647 7440 8534 63 3110 5098 661 8450 6400 2250 3808 9277 5786 1996 4630 37 8515 3190 4117 8270 5573 2924 2146 2186 1352 9476 8668 8878 6279 2361 3580 3259 7559 372
2303 9900 3222 743 2311 5836 2945 5707 7183 2506 1016 8941 5582 2463 5797 1109 4493 9118 6763 231 1980 2749 91 2237 4322 7012 6029 1893 6020 9012 861 5447 6632 9850 3156 9834 9354 8163 5593 215 2719 6706 9271 5613 2472 2784 3329 759 7145 6259 9715 331 2411 4594 9786 1125 2926 616 247 7075 9875 7560 6352 7762 4425 2160 968 1929 8534 8480 2321
36 4121 652 4110 148 8013 3824 1453 5461 4769 1492 7221 3664 2006 9585 6877 2242 4360 9939 4685 6077 9457 1391 9225 1629 938 2646 2491 6654 9171 858 800 348 2981 6065 5174 4586 8118 7736 5747 519 716 4026 3690 1807 2534 2305 4730 8142 9160 4332 8408 970 581 6786 4366 7809 2082 5605 9636 1999 3784 1467 5630 3845 6010 8233 949 2728 5736
2160 411 2150 1020692 9405 5769 3630 1731 1011131 9179 1030591 213 6092 5487 1121 7800 8280 6361 6276 586 1024437 4859 3254 1000863 888 5571 1369 2274 5387 9398 2276 7022 5759 7643 1320 2751 1652 1723 6374 9908 5463 4680 7807 9993 9386 8842 1500 4403 1434 6722 3455 5370 1007182 6697 4074 8702 1803 9080 1279 5955 3168 94 5463 2399 1010990 1002733 1025447 70 8359
7590 7343 5043 8492 919 9989 7162 8559 1938 9906 5180 2832 8351 523 2170 1014822 8692 947 6030 7916 1541 2847 6358 1855 5927 2890 1026 1333 4505 1161 6481 2832 2724 9442 2150 6130 1746 1017 1665 7059 1550 6971 891 81 6618 6799 6306 7448 3239 7657 5846 8418 2496 96 7907 833 4792 7987 8032 1291 4869 1544 2631 244 1485 5637 9446 3618
5168 2291 2406 8509 1012230 1695 6570 1814 1051 1890 2057 2554 503 9124 9888 6294 3955 732 146 733 665 7020 5585 3624 1030971 4427 9826 3182 5383 4498 9419 7220 1658 3355 9568 6710 1027378 4838 3215 454 6408 6318 4985 7812 3966 332 8626 5552 2085 1001674 2202 220 8067 1851 6285 2117 1347 5785 8952 6099 5404 2959 6061 5919 5847 8505 6761
1797 5403 6600 3332 1146 539 7050 4072 2767 3187 9097 4037 1223 9983 4594 9397 6438 7597 4410 9772 4346 2531 6348 6018 3630 8612 2486 6564 5260 6527 5717 7175 6851 792 6173 927 1011129 2059 8574 7887 1603 2735 8835 6833 9363 7671 9309 8329 8402 7631 2223 4421 6142 4149 6059 456 7813 2613 142 2391 4578 7722 4951 1891 9591 1346
3885 5976 364 8209 1003522 118 1028679 6024 5794 3694 1517 2104 385 1791 9768 2625 1002884 1809 7130 1023824 1310 2977 9792 3865 4126 3743 1466 4849 5383 9877 2378 8175 129 9961 2603 5924 2046 5108 228 4248 9055 1108 1325 2695 8839 6622 4369 4812 1015120 3320 5189 573 4941 7719 3656 3831 4400 2324 9004 251 1022637 1024149 1002212 4633 6431
3097 9853 9068 5210 1251 2658 4679 528 3226 5146 254 7671 320 5141 2504 2187 3538 1992 338 4544 3936 5365 56 4827 5806 6831 1005968 8786 1146 9036 1224 3312 7103 683 1201 8830 3129 4248 9595 7726 1241 3133 2516 794 1035 7964 4555 5709 5783 4698 1530 8623 469 8286 7859 6567 3365 8379 969 652 2429 9130 7922 733
2436 9148 2812 2402 2143 3454 2894 1005458 7849 926 9681 2406 5433 588 3135 142 7646 7029 6714 434 4046 428 8640 6380 2912 2569 1149 5973 9142 1719 3553 412 1056 5865 5780 1870 7581 605 3480 2434 6178 6260 574 2085 1904 8176 8187 5542 2689 958 5388 6914 6515 9974 7111 1090 6632 2113 3796 7235 7549 5131 7485
9671 8122 4169 4450 3466 1082 669 9103 1896 6396 6823 2018 4157 2888 526 8504 6493 8742 2255 1021207 4213 2075 1445 5761 8657 2678 5210 6967 608 4570 3405 1012396 6965 8604 6725 92 6031 2176 4325 9757 5451 7406 6864 9461 1014936 8715 2078 7884 4251 4070 4944 291 468 2816 609 3157 1569 2399 9389 1805 1474 6709
9686 1512 2509 5132 1685 8140 1459 2741 5822 7050 2002 9618 1655 8048 1644 4832 218 1745 1832 6745 1304 2921 264 408 1265 5644 683 2494 434 1918 9971 5589 4526 8601 425 2915 992 6490 7024 2546 5119 364 4359 3870 1955 2618 6259 1806 1431 7743 621 806 2944 9072 4631 9948 8461 8412 9685 4554 1029616
3379 1024378 723 348 6277 2128 7593 7614 4428 7516 8175 1008513 2397 9857 1003579 7853 9403 1668 2558 2384 2380 368 9030 1423 2880 3819 7812 3583 4431 5096 7210 4767 883 7727 8439 5288 9398 1866 6310 8 940 1409 9635 1008011 9156 8664 5360 4924 9867 1047 7896 6074 9938 2587 2930 1030398 1005410 1020059 9335 8188
7213 9037 5063 1976 1590 2266 8489 6587 4435 2255 482 5958 4706 1925 6520 7494 7194 2084 1799 2537 4099 2948 8212 6752 777 5460 8288 3477 189 9262 6671 1247 1003580 922 9753 3891 6820 6691 2977 3357 5637 5975 4724 1504 8564 434 6308 2714 838 1485 2518 5547 1017418 3443 4553 2232 8567 8933 4088
6363 2137 9326 7090 829 9206 1305 3352 5879 1020358 8914 6358 1023189 562 8538 5157 5404 9516 5823 1600 2366 8800 5531 342 5371 6537 2284 320 3274 9222 1316 3588 4713 5871 1826 2985 5185 2003 801 2203 9869 1004611 527 8209 7244 4549 1056 2173 1285 9793 660 4580 4251 1019264 1016790 1002367 4449 7863
1207 1265 2511 3038 9291 1547 6278 2933 3090 4636 2737 5961 2857 1388 3276 9988 7874 5994 6857 4547 7473 1012132 2721 3020 2265 5320 9112 9263 2359 7193 708 4732 8396 1028 7215 8085 1297 3156 1531 1798 5894 4674 3781 1154 6523 7489 2845 2752 6515 6761 3541 9750 4566 130 2616 2516 3334
1780 9566 6372 7700 6620 1405 4640 1251 8369 369 213 2445 6184 1967 5095 6694 5317 486 5429 8142 5827 8040 1011631 2922 8214 680 5429 1024709 1032766 3827 1012993 9619 8735 5636 1479 1110 3951 3747 316 853 4400 5758 4117 2377 8831 5643 690 6698 4971 7964 7179 5194 458 4884 1027817 8320
7640 6297 2936 7575 2610 1306 7163 5016 4386 9219 6017 3718 6763 7039 343 3032 2584 8413 2270 9100 800 6102 7838 3562 3325 430 875 5223 1405 4889 8359 379 7449 8592 8632 3973 9268 2724 3595 941 3749 2387 1961 6714 8601 6072 1305 2838 7042 6935 455 5150 6069 681 2723
8622 9027 7813 4301 8605 1270 8896 8304 5989 7935 7639 7724 2005 8317 5082 6088 4186 5264 4619 135 2428 1742 1023895 1179 8997 4246 5636 536 9735 9044 508 1226 734 2005 6376 3017 1316 4779 465 4092 1252 4515 915 3196 8145 1300 8100 2603 4600 4187 7267 9140 482 9973
116 4868 6687 3020 5163 9385 6592 1174 9430 618 9667 2842 2560 8664 2164 2005 4180 9092 5954 2188 543 4113 1696 1267 5289 794 2941 893 9092 5351 3334 5813 9830 6972 8602 76 1876 9955 5055 5411 7856 6172 4403 12 213 657 7253 684 3951 6367 4629 1076 1584
4546 9257 8304 3953 6943 6418 9183 6262 6760 4575 3285 7461 6252 8352 4477 8472 5741 7293 7907 9985 9014 8680 1569 2286 4493 9360 5592 9181 5909 5495 4721 2673 183 5798 2932 9653 5330 4224 6905 6816 6368 9557 7918 7387 1163 1528 409 591 9088 8306 6317 2738
5506 4376 3458 7443 6210 251 240 4756 1870 5983 3484 920 8952 4654 9943 8973 1011625 1997 9795 8971 486 7535 5672 3309 7089 7401 7174 1280 4578 1463 9803 9594 3400 3661 3975 3453 2394 5599 6878 7660 867 8277 77 9773 398 921 97 6752 1198 131 4245
2815 1506 7831 2315 7190 6343 2765 1965 9924 5645 7426 6259 2290 2910 6845 9303 5492 8477 8373 6488 4830 8140 2705 636 5626 1840 3599 5658 7159 3577 7161 694 1379 6828 7060 9582 2012 8163 9787 8789 1619 6265 5229 5086 1890 8414 8994 2444 6143 4897
9907 8791 5298 6927 1578 8113 6740 3911 8984 3161 7081 7984 6374 5776 9567 5469 5742 7946 9015 8720 3691 5080 3331 956 1198 4420 3873 1215 1619 2588 9863 5408 8835 7778 815 1862 4731 3347 6021 5018 1740 5111 4431 7805 276 2937 1388 1452 1694
6616 3232 1011107 5077 7852 6671 7552 31 8364 1352 9546 2680 2976 4052 9842 2155 643 4158 1736 4601 5067 6549 9649 1059 9980 6448 1655 7818 746 9330 4882 1005562 9070 3487 8118 4833 6474 653 7197 2022 2528 158 1334 1032120 1000272 1005213 5805 2469
1616 1894 573 6685 1586 6044 8372 37 512 325 1239 1632 8427 2216 3637 6363 4756 1323 6704 1992 3738 1702 1577 1997 9558 7148 1435 3565 723 26 6987 6904 899 4384 1022 4623 3565 6865 3996 1835 8187 5350 1796 4638 2019 1815 1680
7641 1860 380 745 7568 9252 881 5694 5915 9767 201 8866 5390 8467 2580 4851 3724 4658 7476 8194 6807 7863 8780 944 9675 3220 762 4422 7900 5452 6231 3512 6845 2836 4252 3818 4562 512 1127 7859 2568 3275 990 2337 2419 4454
3299 6942 1257 6101 809 1362 5310 2615 3430 1416 2382 101 2362 9909 1698 540 2047 9719 8717 6110 3088 6426 2423 7365 1087 4161 3580 634 1009442 4722 3157 5829 8318 1347 6199 1638 2279 5028 4186 2148 1005399 1020925 1011613 3748 6973
5978 1064 1452 2183 3124 3603 1608 8067 3233 4277 7548 8514 6767 7871 2203 9278 1357 8090 3784 8414 6698 9774 1947 3576 6786 1013940 4839 1142 5526 4623 8890 5212 44 4710 4708 9736 935 1909 5227 8619 1368 8005 1149 5799
1157 8265 1544 9706 8969 9691 5703 9002 475 1574 3678 4641 4996 7061 2488 1756 4587 1499 3454 414 9220 565 4715 2442 2601 2413 7134 7968 9350 7936 3376 2743 7819 2114 951 3725 6750 1344 249 7371 2399 9559 517
1981 6640 6948 6479 2976 789 2395 6874 2476 6472 3003 1028235 2676 9185 1185 6235 363 8163 4845 7325 9322 1626 5138 9761 1010896 8052 1186 2280 985 1037 3449 3817 7585 8400 4520 3315 6251 4587 5829 7316 5085 2770
1153 7146 223 3991 5435 168 8308 184 1491 5675 4615 4153 5889 4973 3498 3156 3799 6234 4715 5502 9636 1024737 1704 6652 4379 7389 6596 8053 387 4453 4650 6010 5056 1217 2274 9171 2434 5310 8098 7484 7084
8995 647 4128 5752 6165 7604 2037 217 8904 8073 8216 9041 407 6680 1930 7572 5446 4740 5500 252 9461 6907 2710 9503 9800 662 7422 9518 9541 4286 4599 47 205 1313 5288 8941 3343 3077 8831 686
7738 2444 2150 8182 6689 4809 8932 9899 9348 7747 7319 6904 6716 311 4624 197 2902 1858 4751 9623 2245 2447 4690 2484 113 2382 9144 2506 788 5270 4603 7440 9767 2156 813 6413 952 2180 353
5303 6079 8392 4446 5727 4866 2647 7664 364 7349 2511 4943 1285 3237 1950 6148 1251 1879 5333 8824 6325 1516 3327 2880 6390 7145 7872 6567 8684 9300 1441 1978 786 2209 1323 6665 9401 4062
7186 4668 6907 3387 8373 7861 5872 7679 3187 5989 2420 3783 751 5233 1416 7279 183 8582 2663 2678 8737 6778 13 9341 5191 358 5955 496 294 6001 670 425 993 5406 3177 849 5371
6681 4816 2857 2037 3693 207 9224 6628 7050 553 1333 4262 3557 6141 5991 231 4897 3782 7419 895 7901 707 4982 302 6093 6182 8811 6620 2109 1744 1919 4074 2355 7917 1404 3708
8437 1884 6723 5595 4571 418 2901 550 4886 4847 7364 5241 2145 3441 5845 3201 9479 8616 5897 7150 2822 1578 5580 3178 5634 9927 9437 5225 1916 5039 6384 3361 8020 2867 4384
460 3101 2218 8249 6748 8272 4325 6660 4063 1364 8037 1204 8851 9661 2475 290 2348 3682 1936 1364 803 9300 5958 8595 1441 2939 8879 9596 1020 8243 556 6503 5905 1255
5529 4071 2659 6348 1001031 1011633 7170 1004866 3914 8816 80 7174 1524 3096 6512 3947 1329 9994 7888 587 53 6936 9977 3544 499 9882 1124 3528 8800 8655 1247 1010961 2758
4103 801 6977 8941 5153 1370 9345 8551 2737 7374 4906 9755 1605 435 9433 7734 1026807 6617 9439 6108 9893 5498 700 5492 2048 5746 7997 3429 9842 1521 7460 1915
5283 4718 9415 7407 2445 9182 3739 6726 8527 7782 8210 9305 3759 2317 2034 6421 5876 4661 9961 5539 5250 75 3614 3355 4103 6909 5466 3956 1414 2557 6534
8303 1586 4515 9846 8837 6621 2231 5831 4350 7713 6607 6597 1007060 7087 2229 1424 8264 5542 6253 7648 675 5911 422 343 8110 6631 430 1141 1878 2612
8667 7282 8362 2955 8552 1383 3784 377 2316 1182 1864 6096 177 6507 1894 1469 7652 6123 9733 7352 3880 5996 5826 2668 656 2253 4919 647 5917
1028232 5137 1016724 3268 9341 5829 8071 676 6833 4782 7064 342 4198 842 8212 5846 6845 3589 209 3473 2425 4598 7121 1055 9894 1753 1018664 9539
8490 1016237 8673 8465 3035 3663 3229 9952 2897 38 4350 4064 8701 816 9620 2925 1529 157 1797 4756 5138 6683 658 9221 4404 1007762 2168
5082 8389 8433 9396 471 8741 119 4731 6963 9844 3831 3961 4182 6981 3158 712 7379 8113 5623 1008867 8552 8671 7049 4395 3539 4146
9391 3594 6295 4979 1424 246 1520 5762 2288 5480 4259 4311 223 1582 4090 4349 5696 334 1599 5633 2957 348 3078 1008663 3849
750 7583 4431 6054 6750 2620 8022 9145 9375 1808 383 6154 8915 4185 4915 4496 8188 9120 8743 268 7954 8015 1933 4068
4421 9714 1742 7268 9652 4640 3639 2128 3565 555 5393 2845 1109 6214 613 2592 6250 1976 4623 9815 1703 3455 1218
7143 5608 5142 1661 6806 9615 3465 7677 1022970 7878 3448 3203 2289 3750 1034 487 6307 727 5412 1453 388 8457
4027 2695 8366 4819 4886 2251 1407 8105 7959 6966 4303 3715 5356 6001 4757 5532 657 5284 7338 249 7896
3992 1518 2043 3323 3585 5913 774 9201 8588 7253 1282 9552 1972 8778 801 7107 6668 4458 4659 4588
8616 9263 9143 9130 5244 9105 1715 830 6458 6860 3429 4491 1398 9585 2667 9757 1468 5228 128
4683 549 7606 808 4543 3077 2588 2270 8774 9048 3632 1099 9555 2319 1758 9802 8777 8949
7666 1834 4553 4295 440 9972 3144 3252 2884 5261 677 673 4979 2030 954 1632 5681
4226 80 337 6076 720 2968 1113 3657 1434 9031 3923 1020742 1022565 1001249 8917 3856
2138 5114 6052 662 6476 7337 698 4478 2667 1917 823 9574 3144 53 7749
1309 8538 7195 2241 6435 1696 7408 663 2094 2872 8510 669 4382 8352
905 1331 1156 2075 6824 1448 9326 5734 3491 2657 1958 1995 333
6774 8173 6949 3124 4285 7154 8406 3479 1436 71 4166 4455
8809 2101 2429 1744 9492 7294 8738 1210 7383 1412 9828
556 9900 217 121 5440 6896 8518 9094 9341 310
6384 351 7024 8240 5943 8303 316 8570 2609
1146 1108 1671 2439 320 743 4256 6078
7653 1340 1577 6537 5087 2669 6678
3565 1599 6120 8959 181 1316
2307 2912 6263 7068 7713
1024388 1031542 3133 1811
1000147 1657 4611
7312 4217
3629

