10 10
5968 4017
2082 5948
8506 22
2362 9326
9287 7602
8600 7087
286 7916
9267 3623
6694 9264
709 2789
16353 11610 3321 5001 26357 3664 8349 1345 2531 23114
10716 4130 9368 10385 8582 23532 18751 9428 10225 20634
8988 22670 700 184614 28198 172804 16585 452 17399 26299
889 16504 4988 173972 8698 118142 29958 2270 6919 129953
1870 19144 20770 633 19793 21881 126357 18629 7321 135969
9197 24991 13356 2026 2920 10952 131788 24277 14439 33
4486 18424 147497 7787 105452 14464 4103 10225 9502 13885
147501 82527 192856 12134 171131 8925 24763 133374 8517 27916
177328 199232 4320 615 27808 13293 32003 167779 123147 21736
22672 768 2824 2833 1061 12343 7343 32221 200000 461
1237 9922 1003275 1031619 38 7607 8788 7948 9305
6424 3719 9603 6790 3739 1728 6225 1003444
6236 540 6621 4348 2064 1023438 306
1016045 7800 6927 8818 4994 5096
5973 4331 5201 3337 6280
714 6998 9339 4817
1001166 991 1503
403 5262
2105

