80 80
9846 3760
3599 7590
9314 5011
9245 1882
965 5332
1114 8848
4586 1898
996 2350
8032 639
9165 3123
6603 3153
9467 815
5924 7157
4695 4181
5844 9119
2494 4704
7597 9499
5139 5276
4434 2040
6443 3624
8393 4104
2480 4587
1328 8545
2207 3852
7958 7439
5289 8024
2797 6096
9206 6736
7502 4022
6125 4664
4645 6856
7117 5081
5185 9409
7527 6655
8789 2879
6594 28
7274 9846
3382 2212
4299 6075
6721 3423
5031 3498
9318 667
7043 5792
3160 3687
2357 5761
1491 3768
3754 227
8116 9752
7265 113
4972 9858
9917 3257
9425 3735
407 1918
9949 700
1626 3959
8828 4553
5734 5566
7346 2828
269 9667
3635 1412
4232 7142
9562 1351
1427 7696
531 4157
1133 1067
5265 9298
2330 3493
888 5559
5185 689
9875 1730
9870 2486
5392 8969
5600 7502
751 9675
9884 1816
7591 6264
6872 5830
6337 100
7809 4144
1354 776
7780 18808 27658 7110 8365 16473 3081 28848 3561 22401 4247 22854 13566 20821 21824 12364 3364 21200 14820 17392 26410 31926 18507 2000000 2045 22797 27738 6628 20582 12489 12658 22686 22036 7622 13710 28902 4570 27900 31662 8073 1849 9454 8563 6986 2338 17507 15372 22368 6783 3417 24656 28684 21709 28727 6701 22888 26112 431 22337 17538 10465 29266 2246 28329 23753 12998 180 20231 29526 18357 20001 22128 4594 12902 7404 13690 20630 11010 23707 23757
31158 22393 6207 24051 31026 5893 1648 17794 28441 1068 20433 20616 2381 7186 24570 15749 22962 23828 6875 25024 21097 19251 9363 662935 1601 30643 12158 19782 16747 20484 1165 725 20077 14305 14810 2490 31577 12983 19324 3750 13118 8265 2712 23858 16351 20625 5816 12934 1955 29417 21856 16820 23500 9323 7135 1109 10988 8598 32611 6589 11158 24370 32593 11298 21329 3702 4434 13501 11730 20584 15026 19935 26730 7300 17510 9113 9660 7840 4971 17085
5054 7848 15188 3630 21125 21177 28283 7641 23609 22179 1749 19380 6028 9743 19659 12239 10266 15860 28666 19174 18899 8031 1972130 22995 24475 1946560 9863 3352 31023 22609 9369 13730 21579 20345 7689 17252 7434 9426 20326 7008 29070 7974 1805 10131 27873 10642 2350 11280 15643 5660 2423 14389 2244 646 11163 27678 10108 21347 1805 9815 3505 31079 21516 28117 11410 29955 9189 11303 21210 19505 12306 3049 17422 26253 22264 3962 6290 933 6643 13295
10720 6389 23719 20520 17691 1767 101 25184 2399 28489 14656 5193 124 17898 5645 25346 9432 27581 1603 2727 15185 30308 894748 23549 2378 710603 7106 14671 17050 30171 27406 16024 5665 21097 6132 22755 31899 779 6746 20719 15796 16693 439 3350 24413 31328 22793 3696 3560 22602 2926 27956 4868 25213 10908 22623 14846 23827 909 23703 6387 18616 6010 30290 17015 10225 19212 13107 32125 28059 18283 26293 6702 14519 5105 13835 3690 16741 11294 32583
16952 4145 1927228 11620 15385 300 17418 30294 1067 26858 19493 13679 11027 30611 10006 25448 10795 17111 18794 20727 5654 32615 32260 13795 5243 25252 6654 19029 8354 151 3027 24177 13757 14881 2491 9253 12904 3956 25430 8001 6511 27330 14988 28616 5071 14132 10164 27270 22527 22557 3316 13283 23152 21616 7400 20726 27475 19055 22662 25309 9626 32678 2114 76 21314 8471 2029 24933 10959 1975 24804 20935 2584 5402 4071 7401 4677 31850 20550 26793
4773 14083 772357 6821 19341 10211 12919 30533 22503 5690 17239 9658 22984 3810 6594 11175 19770 26391 22817 18363 5304 24603 1757 5235 7648 21016 32434 3104 29284 25158 21832 4649 18754 2125 23808 26001 27701 26349 16652 8380 1387 15325 27330 10862 10616 27377 9522 15381 12682 26751 13045 24904 14815 1795 19017 5263 22644 623 11099 23910 24576 12332 17635 4988 17184 28358 6903 11073 27604 18502 25624 12192 6954 7232 4242 19720 9529 32385 12291 4529
6129 8233 15966 14513 24022 9561 2696 22960 5859 20707 13970 19539 26160 25670 19413 28738 6633 23773 7398 14082 21997 6390 10073 19372 30135 26401 1735 5852 10620 29638 7438 13037 4758 18682 21464 9315 25377 21651 7007 27304 17636 10362 2672 15612 2931 26945 17325 1959 4124 7925 1047 32112 476 23605 32460 20819 6821 1520 27149 27759 7452 1851659 24963 13373 32693 19842 451 13576 7111 31777 24848 17561 24177 13074 18784 28978 25794 28409 22433 20669
7043 598 288 3855 19262 404 2042 28604 7426 25998 22811 23052 19345 29078 25862 7514 25979 30313 15756 7269 23855 1846876 126 9782 29519 30283 3751 14913 28489 10001 8953 445 23075 5073 7686 22684 12182 12509 6578 9917 14687 10055 6439 15812 2258 22828 1248 20262 17072 16177 1004 477 12602 17227 3843 5450 20614 4912 17178 3933 18705 846603 21958 14840 3222 16488 14043 29584 2334 22891 13854 5910 9817 9791 600 32533 300 18633 18939 26652
12513 8097 28151 5283 9130 12989 28575 28387 582 29768 10433 13444 16143 17118 25126 27786 13399 4572 2478 2245 8251 842526 16944 27437 1952 13482 3744 10608 19476 29565 23669 17097 19278 8548 29001 15380 7159 26622 32706 22048 19368 28576 26544 21060 16948 25226 335 31029 11816 25688 13488 22551 7824 4539 27148 26577 11771 23656 2169 4774 25281 22353 5512 19457 10372 18195 12558 11921 1782 2736 3389 21654 31194 12414 6853 24186 3660 19295 15935 23459
16698 26171 22089 23373 20528 17063 1525 510 27712 20953 20541 16802 28513 15945 19415 26116 8122 15668 1336 2940 24660 5505 24296 24311 3598 29156 8219 9018 7377 16961 25980 24419 18694 12371 26700 23217 28997 27534 20396 18821 27727 20546 55 20392 28478 11777 7636 15311 22523 12610 13258 8285 3016 13383 14101 11624 31489 4521 22264 28671 9909 8097 20435 23210 11704 12010 13367 15154 17285 16485 24632 418 7263 1628 2818 31886 9602 7803 10927 28307
19653 14636 26177 1876 8751 2535 21400 1779245 17951 3100 8690 3684 7419 11636 31234 17708 20384 24647 29751 4997 2371 5873 18372 14904 12438 23911 28390 9611 24623 17675 9314 29104 8741 5821 24141 1916 13052 32562 10769 9562 20420 10633 3500 26750 21373 31772 21050 10846 10173 27540 23478 18014 19605 6208 29181 7114 31664 10662 7956 24586 10942 7259 1707 5393 28945 30224 23266 14358 5253 5102 21067 31879 16805 1828 17200 10042 13068 13246 18455 24038
10894 1417 6978 1235 31400 27554 3948 811051 447 1792789 3210 11962 31662 28197 17018 735 15344 27950 15897 21457 1013 25787 25297 18564 26549 19644 4739 15994 29828 3551 10860 3179 3621 15183 8923 31784 13857 23998 2855 1856417 12633 29601 30177 26086 16346 2748 10566 4492 23282 5854 10231 30929 11648 1847718 1830943 28449 14992 1938 15782 32410 510 7069 31140 21676 21595 3595 1561 1541 21159 1993 7900 11692 16254 7447 3487 11116 9246 10915 19556 1396
11624 25743 20078 8295 17999 2736 10660 26372 18071 851321 6464 20756 32639 10795 29210 15987 19558 29639 10439 12005 24525 11199 6327 12708 26013 22223 27292 1846 24236 9343 7694 27012 22906 20953 31340 11816 27713 22623 27398 985816 5164 810 2681 25888 24038 5306 24922 419 5601 3572 7191 20806 10923 947530 974993 17876 4756 2080 2095 518 5031 6713 16424 9111 28654 388 22463 1938 30029 15236 15548 31983 101 2676 2420 6495 2635 15001 23521 9315
14311 25 31635 1810 25306 24761 2858 5232 22174 10119 768 23139 20741 16830 591 23328 32389 26879 10478 6702 9002 4475 2577 7598 17351 10066 177 22748 9073 7994 2073 9169 10541 7780 31030 9355 489 15772 1585 19759 4777 11183 10299 21390 3842 13074 3967 17894 18380 26305 1599 8426 1556 31333 977 2820 1616 2490 21768 6362 942 21295 7298 16143 9359 10703 5663 21835 25832 8799 21654 20094 17418 16329 4431 2657 22603 8890 620 25661
26673 13531 10397 14738 21160 1334 13075 21261 2609 3298 19045 15888 20341 1603 1503 20108 21140 31617 23633 12663 25690 3101 17490 30977 7317 17604 28099 2271 8539 32098 14486 13262 17898 29050 19665 9962 29902 1718 30670 26748 10565 30138 12997 3237 31712 18750 4707 27446 1642 26460 16541 28072 8974 6438 27992 27980 19124 17532 1792216 30148 5804 19484 3376 32689 10639 18939 3317 30638 865 6099 1027 9598 1276 23037 11640 18305 9897 129 20789 30317
3374 11493 10944 4358 10016 9059 27376 13704 2472 27224 6803 25129 7502 3176 27218 12514 6220 1513 2382 13344 3878 17450 21588 1953 1801738 28147 14668 12058 288 6477 25331 27673 10596 21124 202 3880 11445 6250 16206 2100 23149 12766 17514 14893 3814 140 17449 21998 6091 13558 432 16479 1715 1972 20588 18393 9712 23544 968665 11466 932 28502 10658 16794 18198 31425 2750 9677 17476 26841 1967 24682 441 1380 3204 1766081 9377 18970 6473 5014
19740 15497 21634 1331 8577 26527 13687 6743 21582 8724 23047 24238 12732 24205 3203 18749 15849 6039 17623 5835 21275 25048 27377 15659 966603 8836 31844 24400 23225 32275 22861 23457 31320 21297 1731208 26766 3752 22006 8888 29539 9836 8023 9637 13660 31339 17628 3431 13050 4202 19604 7652 6550 4986 4422 25380 12084 17780 342 244 18585 11714 12119 18891 31135 26976 24381 8429 29640 16418 4950 1283 18194 25399 5189 5818 914009 30959 5167 28850 9764
20310 13890 8944 21714 24753 14739 23229 20890 4699 24697 5603 27679 11829 23379 8325 8836 29560 11211 17132 8774 19427 15936 2654 28348 5430 5731 26674 21725 4836 21279 23329 4161 23556 3519 946813 17770 22921 22603 24042 13636 10419 24372 418 19946 30150 29232 15514 31915 8953 30823 23342 25933 20401 5072 26198 25233 5103 3650 17593 1703924 1031 14142 1542 31940 20627 3405 19583 30785 5800 26149 2262 1861 13383 10865 6489 31478 13590 4674 13496 16588
22154 24405 32760 11259 5913 14057 2768 7022 6186 12972 5395 17026 12395 26769 31021 20056 32647 16295 3600 19212 7816 13285 7355 16426 4993 24644 21243 310 19565 787 6000 17260 9554 28807 25299 21856 15786 10130 630 32263 8451 740 26636 26013 1765 4249 1666 5064 11764 283 7440 22981 5719 4517 7458 24801 8025 13829 186 1049394 19533 14584 17313 17512 13495 28871 23257 31047 25513 1723960 20768 31446 10859 4343 4275 28725 10846 20549 15952 2185
23414 12502 19863 780 23339 14274 20374 19718 14599 6493 23273 27688 5138 24215 1672563 2005 13659 19995 5675 6621 3790 28879 1127 17259 28743 17303 24505 5455 9958 31321 3023 26296 31397 30790 8978 19662 15913 24919 16152 28287 25814 26902 6490 15200 21286 17055 22567 28118 23866 21990 7128 7285 10162 7739 8262 24233 24250 22028 1657 18580 4924 21481 6818 16951 28479 15566 10827 32212 15901 992667 16077 4499 28216 19945 20483 30819 3706 17913 17213 32292
28815 1750096 15755 9234 20356 4951 9270 12597 10493 32034 1711 11766 30389 27121 1041462 14503 9547 21078 21555 3135 26572 25907 24331 5432 26739 618 2850 586 15023 468 9917 30361 12902 23157 5363 24510 1146 32238 17489 6914 21641 544 7356 24751 5113 17277 1134 19884 22067 4226 3467 16201 6661 25316 9777 628 26928 2535 6381 11900 5800 7528 29207 12998 11841 30474 866 126 4299 32691 3401 3902 18842 25911 5640 23878 4795 3154 10054 15115
11098 1016133 3692 14440 3451 19494 6067 26425 25892 15163 18795 7354 184 27541 14955 4545 741 19915 7747 6555 2965 14476 4183 1683 21545 18560 10540 8550 11362 23404 20993 2327 16800 27285 2721 11697 11983 18534 5496 16681 20381 1365 15845 17771 13169 3 11472 16281 12441 25763 4064 29839 1945 8093 5277 21163 26542 1907 17325 27851 3320 16867 29307 10903 31516 10318 15622 4609 16206 12121 9097 19978 14023 5586 4083 22215 16111 24278 23274 24228
7076 10056 30722 5895 11393 19777 6802 29990 16775 29154 4888 8858 31965 30661 31970 31086 1652240 15918 24074 21718 27481 22306 5690 20973 21829 30652 28335 15521 19471 5820 28539 15595 5996 28001 24079 6211 31208 20089 2297 6995 19653 1974 17642 32746 30500 16707 16123 25396 1127 3991 2097 8233 24022 11145 32318 8771 27521 1189 30090 1140 8294 8638 18546 4183 13779 965 12240 29094 6669 32473 2236 12780 22066 15774 2221 20603 28508 25299 14387 2720
484 25380 11075 5683 1757 23757 9630 29796 6921 13188 5183 3683 27156 27472 17864 2151 990093 4914 1404 3101 858 29419 24301 22155 617 2558 32246 16689 23274 1013 16108 2678 22220 1512 17168 24898 13442 31035 7497 30695 25425 14247 27408 8774 11750 15484 2434 17199 1835 16165 2051 3337 2354 23277 16990 22963 5972 10241 72 7594 24621 27062 16082 14956 9481 13836 128 13340 2346 14962 6683 3687 21577 460 16541 21670 24357 24499 12656 4421
19938 22453 29541 15816 19178 30021 1643 4303 7920 21645 11827 14071 11502 9739 23842 27822 14095 30284 22724 17148 2920 13472 16045 1506 12806 17930 13471 12520 16424 14458 2029 9714 13518 27199 16415 6739 627 14775 26839 28197 10774 4424 5875 25047 2943 25492 2252 24071 20160 27624 8864 16786 2811 18166 21475 27114 3682 14277 6907 27048 1883 11493 14803 8546 12231 23015 22191 11966 26417 30988 4106 26055 20843 2365 2265 18560 27656 7227 25953 12471
11301 30596 8063 13615 22800 6009 26466 28046 3243 15256 8270 3296 30349 23731 6177 8883 26064 26743 18504 4533 21180 32070 22295 11450 25795 353 5975 10488 2221 22859 14881 18837 27412 16746 9963 26723 27411 3823 11744 16363 22843 23544 2165 6824 5831 25331 23609 19349 922 3397 13293 5098 5442 31021 8916 23074 6225 4432 1612 22081 3878 23813 6558 1575092 8991 25651 20498 1593 3766 23032 10567 18849 3712 8940 4318 12116 21082 9240 12740 32436
20282 32194 20253 11320 25769 27443 24275 0 5916 29751 391 8678 3607 20319 7793 21709 23458 14781 11029 2833 12082 21301 30540 5192 5061 26902 32391 2226 32076 25321 8783 13593 10574 17801 29200 1567206 5834 115 25623 25551 6493 31072 9177 1881 19365 2577 22902 1555088 25829 25706 3710 26809 13802 4291 5107 6546 20782 4327 3471 6253 8763 16077 1607 1089311 30801 12775 12816 16721 18507 20024 16609 3791 10687 522 1046 10595 21350 3921 32355 31859
16016 24440 8242 4830 4336 2416 2384 21130 3446 23688 4332 19847 10617 4573 30283 3057 8729 8203 26191 20107 20396 30257 26880 6484 19778 27704 28828 22507 20504 19536 14867 1334 5547 6587 1462 1133997 3084 30926 31787 18543 10358 23605 21412 17094 8221 23415 2384 1148764 4563 22201 17170 29623 6820 19399 11633 4838 30416 81 27088 3313 16957 25971 24799 6134 1504397 22647 3409 17503 27721 9438 4816 8449 20663 522 13614 3716 25452 21413 989 17922
28738 11446 23063 18 2906 18731 24815 29052 2858 6838 5896 15803 13257 8080 15438 24669 3161 10868 25261 2604 9499 16786 12505 10044 14510 24006 25187 446 13354 24074 23502 23313 15592 17193 20599 12058 1923 1974 25529 5590 9247 10300 2385 30509 9194 12215 10495 1289 15328 23620 18799 12199 18643 12308 18007 2094 22698 678 21985 17790 7401 26166 24908 24394 1173958 30064 2125 29545 10891 23914 19132 26985 24864 14289 13805 2149 11338 2402 28508 29465
1449 16077 32297 14786 6415 18068 25686 29793 1281 12729 5046 14921 14372 18659 6086 3843 13406 12337 6306 18173 14053 6753 1698 30156 11376 23343 14377 21936 26436 23807 28090 19545 7656 15806 28748 28905 30231 5894 15839 14138 12283 13697 30799 9314 17815 17295 2665 12404 4741 11052 14140 14728 22498 13068 1969 11262 12423 6920 19038 17407 18810 15294 6552 3140 29348 28019 7111 32283 23492 14908 2867 26279 4515 8030 2251 30055 3978 25075 16203 6139
14479 26692 20764 4817 18692 13502 19648 8756 26930 4921 2735 10702 22301 8148 31307 29445 26869 22846 5642 3105 26420 5972 12470 29426 30217 25577 27638 2592 4597 10724 31762 4008 25525 28305 7411 12598 28512 2353 23658 1013 25296 3283 7603 567 1862 22631 5648 23118 6729 272 25499 9603 4559 2746 10991 3174 4000 8941 20805 20659 2039 20961 17776 25636 24426 21970 1664 5445 1036 7317 18068 12604 17872 3948 2895 23323 29233 9494 1510266 2199
6535 9500 15737 7947 32275 8835 25942 13347 1207 27023 20628 1446 29765 950 15264 23569 25200 29620 7851 10720 4463 8653 21987 3053 5580 8527 19936 3356 24592 29526 1534061 28982 20760 10964 3384 2834 15530 5585 7043 25082 3655 20463 12061 10829 1091 25137 11860 21857 13588 21501 21468 15532 21223 20831 10500 11299 24953 19089 9256 20450 21029 12472 32614 18701 14905 13295 7061 28150 6030 9866 882 31104 22359 1 57 11715 4921 1690 1142666 11761
20659 31116 8372 2037 24463 11799 26888 12113 10939 27326 7273 9497 29701 14758 9698 29413 6320 22060 9773 10580 23734 30744 19223 28386 16205 4879 6686 17659 31912 7754 1160682 14160 8447 14470 18856 26985 20690 15419 26875 13947 10858 6161 11280 22396 25761 32655 2128 17269 3810 18454 24301 15896 5748 1550 24141 18578 29939 15967 30378 26786 11295 16419 9719 31211 29402 1439230 7941 32135 14188 25437 4071 7132 23306 16599 2963 19635 19094 27889 23242 22918
26535 30537 13889 912 1443120 21404 27844 24902 2259 15505 18064 22331 24270 24578 24974 17647 5258 297 32673 83 27306 26368 4217 24259 27934 28133 1430507 13770 32218 130 10472 7463 11206 31725 23757 5648 27125 17163 1446262 31670 31513 1339 1617096 24841 9526 31792 21668 16318 407 9502 13931 7310 6357 14617 15111 1216 23584 26810 22489 2282 22608 7939 19991 6388 10362 1191715 17759 25950 2643 5057 2185 10690 8143 7116 22722 1181 13523 13878 2774 16458
19798 31001 20299 6169 1244570 30075 3972 32153 4233 24870 11421 21262 20812 3480 28582 9708 28957 4406 1522113 7407 18531 3105 6085 7572 22174 845 1168369 22984 29252 1487 1087 6623 5099 4214 14703 22215 168 1447787 1273488 30845 22455 16192 1384250 19648 18268 14670 1305 2565 1939 8767 24914 29356 9410 11238 19851 27761 19389 18055 15258 8229 14925 26668 30383 30110 30977 12853 1985 32747 29960 10542 20242 11725 14297 2387 23283 21091 26128 20157 24520 23076
15577 32258 28870 25341 8836 22280 19992 31740 24989 5804 25759 7644 20083 30534 12473 28052 10032 21878 1278237 15677 21416 12709 26679 27571 11121 28365 6923 2941 30260 12922 24568 21742 6722 2576 21256 10124 11626 1115337 708 7857 23562 22036 27108 32112 23140 5474 289 30139 21555 28065 14894 3778 3710 29222 154 11934 12204 3059 1561 2864 25049 29632 31916 1603 17256 4410 2557 14585 23002 9099 2775 12901 31454 22298 7894 11636 24489 11412 20571 16913
27660 7663 6527 19759 10403 8598 19413 2291 2860 30710 4502 25551 20868 9625 24411 18160 11522 30000 10439 10526 21239 783 15823 32721 31347 4313 11590 23174 11083 30072 896 7248 600 15696 25265 1970 20226 20148 24210 4268 11772 9881 24390 10515 1361 394 3964 31526 1440 1243 6614 18015 5284 15394 14729 21127 17656 5456 25157 11533 16152 4747 855 9368 16299 7327 10765 14043 3840 14645 1883 25768 5590 18852 7356 8264 29537 20344 5211 18954
1772 2332 16139 3829 12699 26175 23654 799 2097 19320 35 15185 12145 20602 8724 6478 16666 13182 3794 12685 1635 1757 14956 11638 24747 1532 15220 18789 23558 5485 13568 30697 29301 12884 7556 3666 1404604 21767 15333 7786 21270 2810 3788 24962 10029 19417 4664 22705 21067 19959 5975 1625 17615 24039 8855 25835 30074 5078 1015 32492 13922 19848 7587 19511 18985 2049 3264 14469 3438 3046 10373 30506 18564 16771 2955 2082 32098 22913 7014 4684
6095 8677 22960 14830 31397 5494 10953 17686 1886 13314 876 9066 7231 1660 16765 30867 31515 14161 17019 23737 23048 6529 5593 30262 16697 14829 28346 3978 25024 28399 19366 15759 7150 6704 29202 27118 1261713 4278 18209 21969 11237 23869 27048 1329677 11677 20679 12664 24661 18529 1379699 2109 12969 1637 14234 19792 15125 14262 22791 173 408 17248 681 6978 13105 14286 18521 13932 7753 7793 13042 20057 18285 22181 9376 4902 27200 31697 11128 4246 31409
28623 22280 26773 12723 4577 4525 9996 29356 26487 13736 2931 7987 20038 30706 29234 17050 30061 27155 13017 21435 20366 13535 29554 14297 32544 13439 30250 20675 12542 6579 18420 23099 6469 29782 24069 6806 1628 19235 7043 10916 15956 9398 4985 1322729 6771 9686 6926 27535 5387 1401200 4188 18156 15760 29418 30506 14728 18154 26896 6101 29866 9223 27758 30350 29616 26293 15945 13516 22184 21679 4581 6294 29756 26357 12171 122 9939 10081 19658 18369 6390
49 19928 23890 17320 23182 15141 1260 16553 21591 4503 427 20433 27217 719 8758 11315 11240 26569 18849 3883 12042 8343 8182 11388 6949 20556 3074 11852 26994 2363 3381 5777 15984 15714 13126 18519 180 1825 23826 9282 4319 7728 17093 28441 18160 3279 3900 6820 6333 31039 3241 25784 3515 6002 10361 144 25606 5886 21107 15966 2717 8536 31521 25890 21742 15423 13684 12986 2962 9333 16291 13883 15962 2850 5233 30848 31627 11490 32000 9984
19518 10415 8456 1528 25880 29011 6277 32482 2495 25365 19900 20860 28032 14185 16114 23246 31953 31398 28624 6133 23578 15595 19376 14945 10393 11847 22070 23941 14140 27161 24099 22772 6156 30133 9830 8534 25059 13896 14708 21398 6758 25086 23258 20776 20015 12386 19216 13705 11593 19974 20881 18695 16354 22372 16680 21699 1852 24323 27276 31733 7909 17118 12592 32366 12840 21762 13908 1264719 22979 7030 20064 29545 13786 11104 13426 7356 22572 25445 12341 13509
18484 5249 7569 16092 10428 20540 9852 1625 4954 26342 8598 21404 21744 314 18648 1400 16115 29762 5918 2739 3924 16043 28965 17399 29598 17501 25553 13837 27488 31819 23477 24649 3534 1160 31181 19264 30371 20635 27022 9154 24138 26132 23585 30212 8510 23392 3307 23836 15022 3289 950 15026 4667 15393 1466 19189 24040 3505 12758 10445 9440 6317 28189 5711 6331 31994 2203 1431442 22415 13203 5866 23823 21055 3352 11136 5621 24033 4775 13355 1271270
27858 28026 2215 5068 16700 9113 28924 14714 1647 14850 9403 12996 9946 30552 6021 14324 25640 11852 1880 1290 12188 5539 4494 26961 12447 25977 2054 199 11672 7620 23201 188 19195 6684 10480 23486 21669 22202 20523 16564 1383 2751 2405 14665 224 31670 2005 27532 3610 11868 26714 17109 3370 22687 3792 1003 18730 14564 14053 4196 14760 13966 23227 23884 18540 28604 15044 24841 8770 6226 7611 31871 16528 20027 16596 9072 17701 1362866 19507 1331736
10987 6386 15937 11571 26090 15336 2113 21429 5475 3764 7713 13280 18145 15102 85 18242 21292 4930 10539 242 9551 6851 7660 24348 30430 15805 16199 20184 1171350 3546 23787 22079 1414 5863 20594 14528 22093 8136 9094 2480 15139 27562 1343 24865 24060 20343 4811 9973 7978 12175 14161 10291 4666 14773 10007 27288 26883 1460 14819 29297 5482 21426 10399 28329 13450 21285 1471 32542 15954 13701 1309 2361 1679 12705 16459 20157 1180 1514367 25167 15071
19570 4179 11794 9315 9222 21433 8792 31133 28060 10626 1829 10055 23082 23552 14736 10881 17895 21519 15708 4276 1726 20794 4145 1957 26121 4380 19738 6238 1405511 27140 26387 25229 22367 7388 26717 2746 27905 25164 4112 14002 20073 30491 498 16145 32590 11222 6238 7679 2003 15284 18793 32570 23753 28344 23514 5461 5703 19224 20887 6207 10172 23006 18927 4359 20048 17102 18197 22239 23636 17288 3506 1221288 12147 17902 14015 21515 2852 6599 26514 26391
30035 9734 3383 4220 16686 25141 10193 15308 23714 17819 18332 1300618 26655 23374 7245 31997 23379 1993 24638 10471 9285 28799 4784 32258 26048 5550 27470 9550 22771 4726 10997 17102 5719 14122 11699 23675 18897 29157 25102 8569 5655 14689 2439 25993 11096 28164 565 25791 21784 25916 14999 9076 857 4877 15421 2971 4864 1512 25318 16288 22902 10431 12920 19004 14222 32598 26410 13392 14248 20699 9934 1493860 31507 2854 6989 26415 31415 13738 6772 29940
12160 30168 688 4533 3949 3172 475 25723 21423 17972 16379 1432002 16638 980 19581 16849 2921 31398 13284 18777 2276 20002 24830 25072 1571 4698 21078 4027 12710 23489 14315 20348 20757 16429 19743 18463 13519 27930 754 11952 7613 14129 20080 12092 2412 1182872 12135 21976 6235 18221 17246 16068 658 14174 30915 13781 20084 18714 13924 18705 15830 26974 2848 4764 9551 23464 14814 15827 8658 2623 13759 2999 24699 1572 25232 23180 27815 15791 11650 29890
2811 1611 19834 8798 28409 18079 17226 15333 24737 13932 25770 25437 1139260 28316 26533 27561 16009 26268 13312 11904 23390 14485 4005 23623 28884 10716 20032 21028 9524 2988 18472 10831 14937 18451 7297 31404 762 12074 671 30103 291 22665 11950 24830 20996 1399999 3471 6070 19183 27757 23557 2311 1907 17452 23825 27273 2479 18768 13210 4147 22908 27507 9042 7857 14346 13223 15573 3063 23126 25511 14611 8723 17881 18765 2032 30791 13901 23108 22058 5719
8500 32039 32680 8817 32559 136 9100 9143 26669 32171 3948 351 1453605 14889 13369 15768 23990 18694 29360 4831 27 3611 9769 18767 3559 29876 9644 6864 31049 7542 28486 15276 1292638 1923 29083 31247 28856 30945 10171 4015 25756 10775 31545 3218 29550 31001 8314 8976 14536 10086 24907 31000 6631 26480 2487 25271 18410 15677 27415 10711 19436 30283 10602 18244 8849 15545 18151 12533 1277417 2467 8657 8584 18862 4411 22666 32015 5809 20357 18411 14090
20604 26664 13553 6509 22769 8244 7048 15045 2226 22120 15912 29398 25592 18696 20679 28697 3702 4885 10497 4909 16846 12826 28063 17085 7466 29248 25433 4666 14783 29865 15063 29895 1555547 17403 1022 4212 19887 11066 10857 1456 1273826 17116 7989 16121 29328 26647 5123 7382 11891 4734 27447 4615 6381 15308 16774 1018 21347 19967 13488 897 1379 19369 19337 12739 5833 9859 9023 25968 1539600 30787 17879 25657 1105 4528 19960 17536 10864 5107 15341 19275
26879 8154 26449 2314 10156 1277886 5627 32763 3637 7736 4905 31981 22086 18505 7917 1114562 27022 29806 24732 1142 4645 28375 24294 22221 542 26833 11828 1184 10086 13775 31765 18898 2155 23977 17781 17028 30563 26659 28939 25790 1560935 1458 25107 24912 1246730 31098 22334 28663 24574 26779 10727 19139 24792 29358 16775 23736 1132708 14218 20331 26548 17373 11852 9892 9617 2793 29079 17471 10379 24121 25880 23479 32484 7221 22605 6339 24006 18844 2694 7876 22377
30673 6224 30831 2 30184 1472664 14688 28517 3346 30820 14884 16480 7057 1431 2302 1560544 1969 6019 21777 10910 19785 15145 14856 5060 2172 23343 4852 6277 25029 6352 22645 12747 32563 9489 19997 29636 24305 28213 786 6804 16138 13683 27122 729 1486222 24807 3068 14698 25384 7623 7021 6441 20995 9943 26919 20250 1594588 17183 409 30901 12353 20699 29915 20600 14240 28851 3609 7361 20702 9516 5991 21723 28303 4300 15777 12375 12618 2537 10651 5277
8184 29499 12166 7390 12443 29287 10532 2424 3073 7671 5126 6482 18880 8300 19828 27758 30902 2009 25873 10376 25228 6278 18930 17117 19810 22228 25071 23342 14173 19556 32569 19456 4831 19572 26669 21541 18165 15241 25960 32128 2065 7764 2587 9477 23801 29646 10913 18431 25599 7845 13647 31383 11379 25052 24971 11153 14421 13486 26912 6489 5671 29107 16336 7230 25572 9542 4266 10749 22498 32550 1493 13954 5405 11100 5357 21994 27999 5725 24364 17356
20637 27846 24923 15059 21052 11597 21870 20990 10242 30247 6015 2894 3312 3040 14214 13134 30280 23885 28520 599 11570 7079 27575 20292 20381 11480 21947 3685 15465 1138193 17073 12470 11971 27820 27731 14161 3280 13088 22168 3874 11662 6259 18110 2265 6647 19395 12165 293 3431 9752 1826 1090463 14656 17532 14339 16133 4045 7245 26824 22312 6756 32207 403 29992 7886 14597 4231 7518 6123 22722 22824 9882 17810 10235 630 25614 22455 30047 11179 8075
3729 7090 17221 2376 29279 9783 384 1310 5107 9035 21607 19156 16987 14622 21665 12058 13026 4091 23056 19511 17441 23052 12683 14826 2904 19552 3790 24719 8188 1628066 20142 11142 22929 23373 23953 7889 29626 29461 22045 5117 19598 29767 11312 8771 12589 3420 5096 30191 1822 28681 13797 1659357 3245 21251 3428 3118 4523 1281 30156 11896 5995 13570 18966 4269 27167 21456 8552 10221 17089 12997 6400 6175 4354 17358 13086 30967 1103128 7853 28746 14169
17271 19704 312 21272 21589 13914 16233 4823 12585 2421 6052 26629 11416 1091801 9802 26014 10133 972194 4864 13025 6177 15152 16276 29598 12624 21439 16931 24271 20624 23325 28280 14186 5158 10812 29367 7030 16122 11963 19259 23901 19861 2276 4540 23425 24679 14809 1933 2577 24397 13834 7174 8989 5674 28650 31701 12521 27575 12002 24250 26239 7982 18054 1114197 31368 8810 518 2005 30811 732 22504 19485 15191 31927 14837 1702 2158 1598654 5489 3843 31235
801 3317 32376 2956 13060 28219 131 19659 22812 8747 12347 26775 30742 1605073 17809 13000 10923 1586467 31652 4982 6504 10168 5145 7679 4767 27565 30892 7491 21147 18580 12039 31026 20504 4845 4819 6537 8434 31267 2573 10713 19228 1180 10139 25289 5588 14199 3062 15517 12053 27261 13579 12023 14669 15541 14837 25052 5457 5028 6189 29690 6245 20374 1644070 14889 16256 14736 23441 7216 15464 22503 22439 29385 25146 16015 5576 2791 21461 18442 27720 12855
6316 26558 31455 16435 26161 17127 18726 11332 14963 31390 3838 23589 14832 25353 15719 28123 7115 18026 19665 20396 1713 17271 798 2837 6395 14834 24296 12286 24597 31094 3076 13357 17182 9872 1351 23288 9425 2574 18312 31039 16548 16028 14822 10650 1839 28812 12107 17615 6233 9205 9522 12934 355 13568 9125 26176 11575 1663 25226 7301 3759 4800 6175 11357 6215 21152 5315 258 12057 12003 4087 4052 1085119 1583 19109 24205 12264 24262 27296 28085
13929 1169 7391 943 2096 28780 5653 455 17165 15601 19148 26779 32406 4742 23957 14050 16241 2099 10161 2543 1064 22689 30473 26390 23361 27744 23646 24693 20487 7534 24001 12341 30635 22516 8518 23711 32016 31827 25589 8296 1506 9824 20737 7704 11624 15851 3388 18089 4134 29830 2763 14195 25208 5252 30998 4936 13204 17728 25859 6875 3013 10400 23907 2151 14344 30169 12205 29325 4664 30069 4330 14974 1691049 658 18160 18778 5389 30061 9683 8407
28196 28223 22066 14030 13328 17396 6836 4517 15057 14497 23056 30982 27768 9377 3050 1850 31968 8559 7370 4829 19899 31392 1097 29047 22480 7953 10864 23624 32131 26204 8286 27492 27286 16017 28713 23296 25902 5667 2054 3852 13338 5665 1196 2305 32335 166 24309 17405 18359 18322 16583 11021 2819 12155 1331 7625 20927 4830 10204 14118 4885 6554 10138 19080 27637 30879 8287 19223 11188 3555 8281 4436 16913 771 6517 13035 1007 11671 10100 24779
12234 22964 23921 23748 28042 22787 27335 11331 6268 19595 17257 9423 8197 30348 8834 1371 25373 12001 6530 5302 5187 24608 23987 7834 3502 1026 10249 11159 27077 8962 6970 18798 29649 1048457 25615 5709 17650 13000 2041 27191 8528 14503 5607 17803 27026 14814 11607 3272 13460 3362 4012 30096 299 14851 12223 18666 20782 5569 29624 24268 19017 31947 7454 30425 8785 17384 2861 21096 31079 21531 19305 13254 27989 17953 11376 9916 32007 10927 18196 13907
7493 8966 14973 17597 29119 16145 16425 19315 901 20237 25694 20233 15285 27209 20326 10546 19897 23623 1984 3224 23398 15701 22881 31757 18531 3417 1596 4570 16589 17644 25600 26686 14105 1684096 19233 16328 23866 10953 31514 10533 23812 1769 22513 21704 21456 17451 9468 21446 21856 6533 8418 24778 5596 12372 9957 10569 15359 8498 14686 27382 10276 1803 6537 31096 9669 23659 20612 91 22990 5914 19858 5445 26925 13803 6849 28266 7797 13521 27 20802
1049185 21612 26036 11060 23395 24743 4317 30649 3559 21305 17204 14735 31693 3077 13925 24556 2843 28497 26246 5116 23034 27657 27716 6161 9862 31558 31580 11179 14968 15631 6477 972615 386 5726 24651 29991 11738 29799 25208 27134 7957 1140748 335 25204 32566 5333 19808 12187 18951 20887 16963 20161 12967 21265 29382 24023 7012 4167 31081 4882 5068 2632 16653 31697 4351 1083 3431 1726 21575 154 20156 7480 13290 26557 11849 20464 14910 31642 15615 23250
1767439 18134 3309 22747 25374 30290 1828 4246 18610 4172 6021 10383 8059 17325 14677 7725 7108 20276 2473 6531 13747 32426 2246 15903 14279 15447 28358 21022 6813 19125 22396 1734835 4600 31332 18841 13259 28415 28767 23823 8634 15305 1755682 1206 10616 13335 24537 16174 2785 6634 29798 13061 1560 20499 17277 31257 3677 19481 26025 8255 29473 25241 8773 6437 13143 29440 22388 12662 28430 26944 4689 16188 11068 13144 11113 5514 23517 13332 31590 32603 26685
10442 4020 3287 14387 18344 9471 6745 31581 15449 30274 214 20810 28736 19216 17900 8334 3593 25725 28174 16580 25047 21884 16116 22546 15805 7816 22109 13806 30319 20611 7137 3872 19514 15067 15228 16135 21553 26868 17000 29216 13737 29378 21040 24004 20456 25781 7682 26930 7194 17114 9797 27597 24452 27454 26219 25767 508 23447 26888 20286 7320 7710 30244 31109 5286 25024 20430 32551 22236 374 12529 19976 1745 5469 619 22540 13996 13433 31324 22044
19861 30969 7112 6529 2503 27930 12556 12193 8113 16132 5824 12695 21367 23303 26721 29868 3691 17915 29406 17057 3696 9235 6075 13971 2206 30196 27525 15537 807 16390 17994 28210 27258 4107 9185 23942 9638 5358 7534 9932 11777 15580 8225 22660 28169 3481 17726 2182 1557 11021 28515 10547 259 16413 4357 7 10819 15810 16443 30141 10327 9300 31679 10085 167 19238 17714 372 7007 23128 3541 969 1292 342 1633 12105 6024 267 31630 19660
15133 17664 13461 25397 2918 28371 1165851 14077 16630 15938 17255 3621 20077 25904 20229 28286 31720 15589 15392 18715 26828 405 32 25586 13282 27428 21489 10948 32164 1833 17140 27454 14551 30769 6708 16481 32089 32325 3035 12576 20797 27823 6884 17992 7189 28921 8977 7076 14479 20278 4383 12385 22595 30597 7993 988523 11724 6355 10667 681 4373 5344 28632 2168 4598 31109 21870 31155 11519 25396 4365 14857 5780 814 11252 802 20538 4192 14343 24515
5694 3865 1093 6159 10500 6209 1852753 28320 10416 6056 25589 6477 16429 21306 32002 18100 19194 18346 20537 5253 8114 1517 175 22373 26575 30952 16372 20137 26800 26472 28981 27007 25048 18003 11168 8187 25721 12062 8200 2896 18482 3710 9674 13349 8468 24419 3783 28459 23275 1570 17300 31724 23995 8177 29830 1830624 24456 23193 21809 2008 18267 10343 13500 8540 17794 25699 492 3766 1303 15045 4743 15083 6852 17 16163 1046 5317 11761 15970 23031
13147 5426 17954 3516 14695 6680 11970 28677 1226495 6915 11542 2509 4529 29570 10622 13442 11478 21444 8071 11109 13758 30784 23549 18377 24203 10386 30019 5353 8884 424 29155 507 15417 20254 20833 24348 11547 30694 27477 31404 28939 16940 22712 4483 11105 29305 23422 28004 25937 2582 1174415 22649 12377 10420 14094 28190 16638 21834 15435 11490 21943 12862 12983 28108 32298 24776 13707 9435 5782 6035 12719 3793 2960 12453 3627 12336 14835 12928 17457 18821
17270 18670 12337 22884 6781 15451 7170 32410 1797237 25463 1099 25875 31944 25510 11295 29052 6393 31078 15682 2932 23888 24937 21653 7699 26554 27619 28098 22079 8994 11808 9468 25725 14293 1627 27778 25754 16164 26058 16225 13952 32328 5374 13690 24372 11403 26218 7364 27139 2212 2881 1867429 7671 16738 32389 8600 7056 30093 14940 9834 14001 20234 11174 582 8408 32062 6093 7251 14227 4789 26845 4319 2863 2563 5076 24916 29106 30186 3387 17300 14860
17411 16916 23488 20972 5802 14250 29816 14211 28255 20222 25158 25824 24777 12212 18866 10833 25243 32027 30159 1953 988181 27381 9973 19910 21815 21363 28080 3439 30360 29310 9719 18434 17399 10813 26273 13677 21360 29908 30998 6714 27748 26474 11586 29872 17675 27246 7631 10551 21067 2842 14483 12797 7624 2616 8008 5591 22076 3109 13435 10859 3593 3603 26823 25995 23565 1171 1260178 16868 21173 18259 10296 31448 341 11812 563 9129 29622 832 16554 24023
14893 9793 29134 3000 322 21283 11115 18430 8117 18546 18709 10441 14436 2000 1929 26549 20996 23772 14553 17144 1948876 12009 10321 27693 15895 20206 22938 4071 7525 21950 26398 3972 1313 26233 939 24900 19656 26946 25436 19098 6407 4658 4020 26818 29445 18573 1763 15251 10468 16948 26415 9879 7042 26459 13123 7257 23941 21116 25835 26622 18327 139 24747 18711 26094 1387 1822986 21942 25359 22689 24576 22207 21459 3656 1316 4737 2218 4165 3732 14725
4335 9424 9125 6731 11217 32124 8897 26971 28924 18417 20418 27282 3180 21914 13698 4687 31626 25320 985 10176 8678 29239 29686 30947 18976 12781 6894 5074 10023 12773 24210 26944 10663 27659 134 31807 15804 25673 29583 836 17643 25505 28461 7789 24659 4764 4416 1794 24352 30434 16113 23609 280 6186 16738 28991 7771 1182359 17380 16500 4349 2775 13820 26613 26133 30550 15518 21344 14499 29589 10626 30420 16812 1295931 20665 16183 29809 22255 28800 7100
16091 6671 14216 133 5650 22872 4257 16269 12607 26132 17890 13917 3776 2321 13200 23266 16803 28426 6128 4642 914 10240 13897 2478 500 1227 12074 7115 10834 1776 29166 30706 31224 22197 27517 9083 5340 29554 22100 9877 10179 4651 20424 31097 22946 24156 5767 1503 20547 4372 5728 20657 3113 4677 9540 8191 8118 1900983 5517 12595 1419 31243 382 21382 6703 9837 29706 31411 31987 30542 21210 7658 23572 1918192 11657 30471 28707 18674 22066 30212
17579 20734 12118 23238 24242 379 4618 13836 26719 21814 21179 12917 8114 31385 9768 5619 27018 1345 10262 16829 11257 16380 573 9850 30429 25615 29569 886 11948 6589 2914 12827 11663 26116 11702 2609 3763 27050 12949 5285 6107 5497 13973 7963 30010 14279 2831 27580 15232 1849 6050 1051 10 3785 18832 5975 14401 7941 22149 10113 23762 10393 30022 2624 30307 9232 22409 179 5648 27351 1118609 27288 25905 9604 20510 22699 17193 13141 30571 592
20974 27611 24182 1233181 24349 12444 6304 12162 24241 3292 1115325 9972 11134 6886 14853 7319 31926 4728 20308 6057 9966 25270 7561 18115 29284 7262 17993 15382 27264 62 16992 25364 19097 17892 9890 12799 27641 28308 5137 17053 22819 14463 5953 18707 27220 1585 5839 16628 1070522 20043 21017 1178 10815 26483 15555 17077 8255 17545 11446 1569 668 29980 11510 17404 30133 32284 28851 9208 14592 24273 1927265 30446 29769 22028 1089 4021 11831 15260 32450 29233
9663 4410 15019 1958376 15785 23689 24730 5046 24151 29116 1962543 14737 30945 20802 26033 16017 30270 15409 23481 1236197 1087 13932 26205 5453 8892 6153 17852 1089523 17676 12786 22915 15165 7099 18891 25158 4916 23160 28947 16655 4010 3660 31630 26933 32002 22546 6370 1293296 25168 1956570 21888 10537 2906 1228592 1734 4886 30687 32023 26211 28166 5143 1157205 24827 19194 24187 931 23563 30582 24263 25608 30479 32534 4669 28008 3042 7296 12587 23902 29285 16873 29104
28783 24681 8640 9688 30352 23816 16617 32516 22147 3796 30565 29216 30807 18071 28246 24225 13679 18460 21663 1983331 16816 21449 13099 8495 21468 621 6768 1989270 4413 26459 19764 5428 134 11448 19598 24680 2038 7696 26928 9558 15038 21808 15843 1122 31141 32048 1981445 15073 10987 24527 3341 5392 1983524 12547 20423 12357 27396 19665 28895 24932 1981220 23386 26406 21397 7960 3895 21726 13108 19288 29191 21250 30985 24007 29510 1287078 10682 26851 11616 24157 7549
21285 4456 4112 31936 12906 32299 21753 6214 27602 18126 6892 29998 21832 17096 11542 13674 26028 20868 25181 16669 2406 3491 12432 17915 14649 2435 13277 10730 18267 14592 16004 13550 5826 27770 17611 30276 12480 279 14641 10444 27858 10827 11495 6829 7861 30869 18555 23603 32443 396 28887 14844 16476 19738 11370 18004 2832 27655 7333 30174 18780 23481 8105 4980 555 6970 28222 3920 12384 5499 18951 28012 19625 17624 2000000 22310 32150 13276 17145 5160
8681 1146 7560 4111 6274 6958 2973 1129 8327 1145 3603 9588 9656 9799 1008246 135 9292 1430 3545 824 2560 6909 1211 3344 2031 5852 2328 1643 9123 150 876 5054 8203 3212 5613 9484 5421 1804 6537 1082 286 2250 8029 2385 5600 1277 2759 5540 2523 9438 7647 4291 2096 3356 8450 4688 8729 2163 2415 2544 3797 6943 6182 4659 6963 1947 1756 6919 1692 7663 8836 6282 2758 1977 1195 1919 4150 2027 515
9300 5381 6198 451 2929 7367 6533 9676 3235 6936 5661 3487 8393 7768 4483 8237 879 7433 7503 959 5241 646 8815 9064 114 6550 1631 9527 8182 5217 6040 9873 1002829 6274 8518 5262 4394 5294 31 7843 2162 7012 9617 8384 2704 8693 9690 4475 4072 5654 6110 1021 3706 6100 8165 5627 8314 9879 1987 1208 5438 2506 3164 105 968 2713 3751 7145 7845 6588 1602 4045 5300 2260 615 4475 7723 8020
6413 8775 5255 610 1778 5342 1378 1197 3848 3383 4506 2832 8205 1094 3919 2440 8479 2467 2605 9619 5328 9530 1179 8522 1463 4132 3299 2321 6855 262 4435 8220 2659 9769 2259 5924 1826 7386 4985 1801 2624 6402 1897 8442 454 1337 5361 3540 1226 4662 52 6552 4457 1451 1028 3856 3989 3167 4693 5314 3242 4315 2560 2789 8901 7001 806 2628 9655 3449 1062 7570 6486 5206 1585 6077 9444
1385 3003 7045 7572 1916 5204 3247 1195 9234 8296 6373 484 9893 3140 5696 9063 8032 6090 6249 7002 7535 7271 860 903 963 2114 1950 8816 2298 2552 816 7505 4590 6054 5220 614 1012061 5078 4080 605 345 4319 3649 1948 5040 7414 8098 1382 5647 4985 1373 4058 2115 9309 6465 2829 9120 9381 1109 5465 6630 3367 4076 6437 1600 5226 6889 375 5983 1014579 2532 3831 9542 3008 4286 774
8551 8644 9025 575 9759 7940 4732 5789 5165 3537 7166 1023230 1021016 71 544 902 6370 485 2984 2423 8663 2735 6363 6575 5483 961 563 2562 4419 5940 2369 4585 4050 5845 7925 4795 263 7924 6684 380 5861 619 2553 7684 4276 3968 4007 369 3366 9948 1005 1026655 4860 3997 4515 5862 1577 1003832 3700 1797 3703 8963 8549 5166 7145 387 581 1042 2657 1105 309 2942 2595 1874 2394
7846 426 5751 6273 9425 6986 1218 7314 869 2101 4235 4936 6277 1729 3458 416 9848 3418 2197 1728 5692 5428 1524 8490 1322 5268 691 784 2748 208 976 1098 8684 2755 7142 1023142 7167 4742 7809 192 5650 668 9106 547 1091 924 2453 6590 35 2420 6194 7370 4571 1004635 5329 5019 2029 4792 5858 1020469 5996 7218 6715 481 1022943 2920 1363 8672 5777 4434 6655 2559 2125 2599
8538 9755 4968 2288 250 7207 63 5165 1313 892 4371 791 1298 5409 3490 2453 1749 3819 1352 9667 3004 9766 6678 3711 4839 708 8210 9238 7044 278 6430 6608 3963 4761 2269 935 5241 7426 2643 1709 8348 7038 1821 830 1279 7843 5954 3379 549 3547 1640 4505 8875 7282 2025 6914 8265 5357 503 2618 618 1085 3550 5933 13 6021 7049 3959 7098 9816 8264 9404 2361
1575 6112 905 2239 2378 1907 7226 410 620 3842 670 5712 1532 1665 984 3843 8049 9466 6183 6903 7357 4548 2184 5591 7782 4756 2138 1685 1585 9029 3970 2689 8528 597 6385 7964 3709 1007152 2019 8220 7031 7408 3544 2786 1197 6053 8904 9739 1400 7762 9059 7781 8878 2728 9800 1106 5316 535 2695 8913 1812 4818 3959 6331 176 8322 4620 8428 9477 1023566 3076 2371
1331 5946 497 1723 6828 1725 9260 90 123 519 4056 250 72 7475 516 2935 2153 9225 373 2120 9754 3287 756 97 5360 3729 6643 424 3658 8039 1032390 7222 4793 9990 1022576 6497 850 8529 6235 1608 7186 2562 428 3663 8305 4251 9974 6187 2842 7058 830 4224 2074 3709 8575 6761 1175 3722 2703 1399 3171 9074 8178 4175 5249 7006 2813 4509 5863 4090 9613
5901 1013812 106 9417 8027 4516 6299 8341 249 5730 5499 8937 3266 1017309 363 1024466 604 5742 2131 2263 1155 9577 183 5326 7828 1554 6921 3456 9975 1874 4879 3706 4385 2250 1831 1478 5704 5351 2936 4153 472 1020182 7403 8782 5173 1402 3609 1075 4642 973 9718 1234 6306 6307 1028191 6020 4286 821 8288 433 2230 6300 1022377 3962 1675 1307 578 3514 8636 1019330
8492 6010 3711 1057 5322 6437 8227 474 1584 3884 627 1499 1402 3050 2430 6970 3233 810 1157 1185 2122 1656 5732 2892 4143 8661 9428 2512 6113 8879 9424 2383 8910 880 5559 2537 3200 1654 3058 6981 8503 1203 1815 1280 9032 6518 9149 2581 1525 4778 2016 1807 6367 4253 5591 1115 1049 6147 9732 3952 5135 2908 5788 7843 5142 3027 344 8758 2982
6169 955 9090 1894 1410 4661 2533 9687 5198 6744 3261 1011524 4138 1024713 8406 5895 1800 6504 5072 1743 364 1715 1972 6801 153 2264 8152 1453 2316 6666 8722 5235 5398 22 6842 4294 6784 8199 1266 1029071 1866 2310 2074 6068 7940 3062 6655 2507 4321 2751 740 954 1030857 3241 6708 8897 6078 9579 1462 8186 1006977 6325 8610 7455 6741 1787 2148 1007085
1365 9123 3439 2584 8514 9137 3955 240 5295 2384 4321 2162 6592 4804 8734 6721 1696 8141 9319 1670 6435 5279 5029 6230 2539 8160 3937 2371 6815 4594 2633 4966 7560 8401 2642 2555 814 7327 1249 5197 915 6735 4661 6052 7070 9950 5383 2092 3627 1752 3686 2297 5120 2026 3516 4247 131 1444 1236 1334 8682 7442 9488 406 611 8507 9654
1007 9190 9337 3707 5413 2344 1674 1955 3994 657 598 583 1011732 1920 915 8552 4880 781 7605 8995 6983 3711 2489 2534 5393 4624 8916 2386 6423 4125 648 1809 4125 4978 1047 5722 5903 2726 8731 8738 5499 9779 9812 9941 5312 7449 1203 2614 453 2978 7688 8179 5262 73 6343 6413 5290 3367 8256 102 4880 3470 9231 4700 7788 4266
7921 3557 2228 5269 3704 4107 9775 2234 4704 938 8584 1148 4163 5591 9744 1560 298 2420 2146 4375 4022 9713 5931 8393 4286 3285 5418 687 1241 3246 2036 9591 7774 3653 8794 6013 1130 8181 2959 3344 5810 5693 5077 5091 8378 9300 2104 4517 1349 477 2317 6307 813 1007531 1916 1324 3718 1063 987 2342 8558 2319 6605 9935 6312
2625 5020 9366 1513 6569 2578 7643 6018 3735 7166 8645 5631 2741 2117 1826 799 1287 8231 9460 742 1523 4771 1306 5615 6131 5085 604 5638 585 8160 6268 4357 3426 3631 9801 6861 8670 4160 3349 3335 1999 5003 6777 1979 1473 4063 2680 7569 2889 2886 1954 1031 1600 186 1162 1394 1362 7288 6009 136 3265 292 6004 7854
1031952 3437 1852 685 4909 9090 7893 890 9294 9285 4521 6678 7616 8079 2717 4627 732 8132 277 1481 8699 776 5699 5895 9803 2179 854 1214 3842 753 5777 5098 5970 3789 3960 5234 6734 1215 691 1011395 4604 9555 8044 6024 3243 1002300 9563 8365 7671 824 980 6787 4779 4390 3407 774 3607 8726 6873 1230 1282 9760 8665
9507 657 1815 6326 1493 6616 1311 4839 986 4320 365 810 5049 2522 9022 4521 9222 3971 1131 8985 1455 57 7499 7525 5575 5101 2601 2028 5121 1113 1688 6966 9615 1364 724 284 4715 820 1032618 2649 9847 1171 2347 9115 1021984 9572 1933 878 1064 4536 5299 6507 5955 1309 6271 2205 2194 4022 3861 3717 8255 9888
7841 4959 9080 5316 9803 7236 591 8329 1465 1185 4353 6364 6678 4855 2102 7842 2722 1140 105 8909 123 4131 5032 798 6570 6351 7646 9210 337 1102 4735 2415 9219 604 6676 1608 3348 1413 1848 4688 7715 8423 7697 212 7845 5526 3875 1804 8933 1490 7682 1275 2936 5271 3862 4580 5653 2547 6836 2448 3173
1710 5707 7293 983 1077 3532 2281 1736 2646 9949 2000 4321 1555 959 4898 3649 8689 2815 8649 3340 7328 4714 5993 4388 6176 7429 9736 3239 8130 9788 7392 1289 8668 5513 1379 5220 5537 8663 1247 5886 6369 5095 9554 5002 2525 4803 8319 2432 7502 402 2129 113 1574 5547 2064 5670 390 1149 4370 3209
1346 3342 5107 2454 2402 2 2552 3715 6826 671 2593 30 2541 6222 8733 6566 4189 6085 7475 316 2422 4083 2557 8651 2524 1339 359 6822 8130 245 4841 1905 2428 7761 4065 2212 1703 3758 2485 5179 2536 1578 9512 8944 5026 3770 9178 6589 1388 2940 6773 5037 578 5579 197 6979 3226 1140 7463
125 1370 7606 1302 7065 825 2895 7378 2185 5427 5637 1106 5252 8401 225 8139 3485 4984 4147 1553 8504 8176 6930 797 2105 5320 8114 1872 5583 8712 1884 760 3938 7688 8696 7696 3353 5199 6478 28 6239 8030 462 2134 6502 446 3340 6483 2284 9175 800 2009 8206 5058 9197 468 4810 9442
880 2663 9113 4926 91 1649 5469 3026 9411 7920 5127 664 8599 2714 5389 9568 9026 4777 5658 2839 2771 9959 7286 7191 379 6027 1287 1755 1542 2418 5288 262 1805 6977 1031913 2565 171 9562 4167 3394 7151 734 6445 8778 4466 9698 123 161 1929 2037 1911 7268 9949 8624 6514 1456 1034
4574 1001964 4434 5348 2382 3449 7934 321 9175 2486 8771 8882 2412 8327 7630 819 4849 5523 3087 4406 957 2546 2761 203 3471 1381 6334 1019732 9941 3000 7226 9654 2411 5220 4014 7121 9041 5287 977 7363 1020177 9032 4370 8106 9983 1253 176 8057 1005538 4735 6349 3869 1106 9769 5921 1016384
1361 8813 7387 3790 6015 1392 8125 4630 2553 9127 2329 1251 179 7337 742 2604 1926 6679 7704 4841 9466 634 8303 8007 9096 8923 5006 3421 3865 2217 1023 7280 1779 6950 1461 4452 6358 5811 2306 3092 9041 4221 3194 4483 3755 3912 5879 1684 1855 7484 8031 3976 7158 3629 9347
8550 75 7087 7481 8751 5900 9160 2284 5666 1821 9928 6034 3629 5121 4760 1823 3670 2475 3503 9641 5913 9601 8171 6171 4515 1009491 430 3821 9982 7835 6246 6244 765 6821 5153 1414 2363 8512 1012112 6753 3055 2374 1580 6108 1123 3865 1001751 6030 965 8942 1365 1149 5293 1017726
1050 8698 6976 4315 1429 8300 2453 9840 5037 298 8310 3164 1515 893 5721 7648 1433 9844 2463 9814 2665 7594 1852 8789 9145 7109 3849 2787 9125 9184 1959 2778 9566 8908 1989 2366 3321 2835 1635 1693 9867 109 5271 2264 5956 6454 1568 3890 793 1503 8410 4310 5335
8387 322 734 1541 78 7162 7681 7801 6121 366 4044 8509 2313 136 709 8643 9081 4593 4859 1143 7109 4474 2 5189 3385 8842 7998 8874 5576 1384 9822 9743 65 4459 7947 2387 1087 7247 17 1015336 1857 2860 8221 5985 25 1810 1895 1323 9608 9047 7138 2586
1098 5781 1586 5620 7886 7757 9837 3204 441 3376 5797 1896 6187 9008 6085 8444 8050 9186 5514 3834 9966 4135 6644 8946 5989 3371 7805 3287 3431 5069 3737 8458 4708 2256 2175 587 909 7490 4983 9085 73 5115 8244 5802 2297 9368 8212 4247 2782 6793 2613
7864 473 6775 8058 3815 6979 2683 3039 9553 4318 5082 41 9105 7868 8469 9026 3122 9854 1265 5347 671 6816 8833 5890 1325 2083 7757 3727 412 4395 5389 3545 6153 5386 182 5847 1400 2604 3577 8756 3136 9717 9400 8842 2647 8872 490 4882 7648 8570
2961 3018 4353 3078 5498 6792 9098 2289 9813 511 5331 7601 1798 4335 1590 3162 7179 802 7517 5305 1390 4372 1213 1828 3453 9267 3283 1617 361 3512 8285 119 8812 7491 5372 1330 7582 7262 72 2267 761 5547 6245 9943 8811 9263 9525 7007 173
5587 1295 5888 5730 3097 5118 995 5026 3388 2989 7296 7160 9707 8849 6782 168 1012903 2279 2414 756 4635 1504 4426 1010945 3228 5401 1799 7958 3632 9472 5506 6693 8580 5173 2459 6637 6392 8653 5083 7023 686 9821 5467 399 9284 7317 56 734
8030 4170 7234 7734 1735 8200 6548 8597 9817 1128 9145 7805 3771 639 300 2155 1722 7671 1488 1191 6748 7010 8402 235 2513 9611 5756 3864 9082 1360 7883 2102 9055 7917 5060 7194 3483 8506 3938 1532 4523 2297 787 7353 7031 6392 1172
4327 9904 9550 2281 2439 443 7844 8945 2272 396 7040 6154 74 9735 42 7425 3751 4034 6473 2461 2089 4751 9390 8349 8224 1193 3860 5598 2642 1789 9797 7121 6096 2651 3185 8669 4935 6477 203 9457 6932 4968 4564 4716 5820 7360
428 7825 9211 6736 6101 4373 5803 9738 7515 5211 3959 12 8545 818 5680 213 846 4669 2704 6902 8728 1155 4733 8715 8367 6360 4832 9804 5181 9564 1095 1871 5436 9139 8200 7265 6378 3028 8759 5365 3705 4709 7450 2412 2393
984 7210 9958 921 5711 7277 1463 6875 7541 3858 8205 5241 832 8940 353 741 7185 7395 6972 453 3406 7255 3132 1886 4563 2886 7880 1248 3476 6992 6160 4755 4534 9482 2472 9408 2431 8064 8086 7171 8458 5838 2554 8959
2191 5648 9470 5331 9667 7720 1854 7788 7420 800 2026 6059 6872 545 9018 7592 7359 3235 3665 2759 1669 6246 2996 4314 7924 2897 4861 6935 7370 2936 5931 6284 7279 8163 4652 1888 3626 3805 2270 9451 6116 8379 6275
2873 6221 6670 4307 7114 3117 249 278 5150 3726 7223 9490 3344 4504 263 5585 1264 3341 8922 2455 1009205 9383 351 3571 9427 6814 6124 6692 8841 9182 4655 2846 9614 7240 1093 4764 1118 568 8924 456 2911 9335
3636 2009 1129 9234 3772 396 6869 8267 6298 8343 1108 1015471 5658 3002 9204 9815 6651 2919 1823 2754 3877 579 1348 9091 6224 733 7834 2135 5266 1598 5874 8266 5447 562 1997 7322 3846 7910 5470 9644 3537
9762 7840 7262 1002653 2666 1323 509 3331 9775 5652 2184 950 4027 9218 2069 7669 813 7960 530 5940 7441 1648 7582 6886 1716 4436 8729 1566 7543 4867 2265 6151 9441 6642 2926 559 1386 6433 681 1147
6037 2816 9272 5896 6846 4913 3765 9774 6325 815 9377 4425 7433 1152 7179 5387 5832 3863 5397 3132 7190 637 9288 2851 3900 4449 7078 8186 931 5725 3873 5517 1005345 4427 5035 8323 7331 6200 7373
1153 684 8184 7052 7627 2893 1386 8088 9884 8758 8157 7415 9863 1083 7203 6706 9391 1017914 5125 3550 9460 2172 6471 1014766 8895 4058 6830 5239 1012961 6723 5855 4452 6391 2795 8778 2843 6496 7013
4358 5871 817 133 1054 5159 2665 1935 3997 3344 9185 4516 4998 5390 663 8926 3720 873 9707 2329 7760 1029 5192 2597 5503 1090 1575 5353 5469 3558 5409 8699 925 4455 132 7853 9827
7150 328 490 9300 856 8226 529 6253 4863 1497 4113 1367 9768 5111 8566 4649 6606 9985 8242 4542 1743 1531 6543 6361 9685 1094 420 2486 600 204 3607 2067 3890 9533 1507 9167
6500 5706 1034 1841 679 5714 828 2780 4629 9308 4968 1858 1544 7428 6049 8455 9235 2585 1109 5415 5392 1015399 3131 986 1130 8752 1030107 3366 637 6544 6083 198 362 9553 7670
7803 3535 7724 4039 1248 1462 6929 4759 7906 5709 2729 8587 495 8150 9802 4818 1822 9600 2523 4118 1680 4006 5625 8320 3477 789 2745 9953 610 2596 1966 1030334 8177 5039
4285 4427 3994 1877 4112 9420 1009 4340 8984 296 0 4208 4214 6159 6166 443 9020 845 7600 1714 3247 239 1847 2500 175 1798 5322 8953 8347 4410 1165 4320 47
6240 5394 313 4031 1455 1848 5732 8872 3023 6849 8730 1125 5715 4264 2507 4864 5417 626 5111 9 7184 9316 369 4924 6633 9174 784 1134 1841 1895 1416 2008
6669 2065 8506 295 9927 9726 1023559 2963 8793 1466 7562 7342 9559 3323 4054 9616 114 5951 653 273 7658 6421 8212 2038 5187 3711 2275 8736 8363 6885 1121
2289 7547 1006702 9327 784 9389 3643 6244 4175 8733 356 457 2875 2018 7479 8102 5187 6319 1006 9325 2669 9493 3393 9060 5078 60 1022092 7673 5529 5201
657 1906 5361 5346 8081 5714 4882 2648 2295 4195 3317 6916 7798 4464 2002 3981 565 6881 1379 2825 4839 6013 1798 1546 7392 9627 6564 5723 5253
6826 2928 1835 9123 4226 3586 6713 7218 3434 5172 1841 1307 1005964 3548 3749 4152 9461 4972 4592 572 1026305 342 1367 4275 135 9300 929 1009738
4144 3063 9592 210 2414 8319 9841 5121 4987 4442 7400 6746 6623 1280 4591 7694 391 3150 8121 323 930 9073 1250 1025188 1501 2118 18
9449 5009 4479 5777 1448 4987 4569 957 4524 5485 7820 745 5653 7540 7762 6104 7072 6713 8796 9547 3705 4460 5521 2488 4990 7181
2024 7916 9030 9581 1865 2561 3809 5717 9215 787 7697 2052 7888 9279 3530 1615 9056 9870 2950 9989 8498 625 1917 737 9281
9149 5747 9907 9182 5017 1217 9360 8587 6805 3641 1337 1560 6349 1348 1242 5819 606 3358 3380 485 361 1413 4749 8387
6326 637 8581 6722 1706 1015544 1325 4103 1324 4388 4916 5005 5748 8773 6978 6720 8390 7493 9544 9370 4446 6601 2327
876 1979 2998 65 2176 5713 2899 1661 908 249 2033 9854 7626 1964 8297 1174 2293 3329 9892 6887 8982 6595
1809 4075 1424 9702 8754 6196 281 4555 184 6390 9706 4370 2577 5812 5129 8719 494 7496 5989 32 4618
1255 1521 8655 5528 5813 1025461 5139 2220 2436 7761 1012411 9485 3059 3667 3262 4217 6965 4395 9020 6026
2606 3597 3802 519 1845 9399 172 14 1927 8964 5091 5568 2217 1072 9209 4206 1904 109 523
5491 9092 2037 2695 9809 4706 385 5381 1441 2273 9705 2059 3061 1001287 8109 4555 6641 8605
163 5504 8889 2992 1138 5865 8988 3082 4063 165 9074 7872 8086 9808 7985 4669 8699
6045 3030 1552 5553 628 1075 3457 6555 829 9076 5577 305 1934 3222 210 7718
4786 4025 1565 855 6587 5909 7251 1026166 6537 2652 3278 8904 507 3215 1030665
8683 6773 1011 37 1029116 2899 4533 6605 3177 7133 9628 5916 450 2267
6702 2766 1941 8267 1031174 1348 2427 9745 1524 732 2637 4142 3541
513 3578 7764 6084 9486 6349 8296 6161 6665 6987 3273 6321
4253 7386 1873 6359 3880 3081 5673 5986 6055 603 8066
3862 1647 8901 8849 6255 7054 2155 4507 6420 7568
166 6674 8424 3830 2873 4206 8663 8004 9348
7695 1711 8154 7656 1665 1452 8342 1467
7761 8601 4615 9359 3712 7235 1001829
7599 8438 1920 8959 7449 1033
977 6965 2690 6125 1764
72 2854 9966 2013
6222 7887 2060
1829 3738
9273

