200 20
312074 722184
606950 174805
129508 423699
994719 409466
58966 865473
644576 563958
181669 967336
110576 378522
545974 211107
259915 255978
652646 441830
793246 717416
653667 868688
1892 993475
494968 438920
367802 390421
748357 263808
145303 728567
728753 63318
323750 123988
94918 547168
294484 388772
723176 197525
876864 622635
920510 418089
661291 168930
308664 942302
579052 813921
297176 374069
997854 276454
16910 997821
479611 756685
308332 957642
957030 66937
130436 662850
69303 549348
775878 386211
639703 537508
80060 47909
469569 867985
635557 83878
899540 50964
927350 815156
60881 7084
544112 504958
94263 146388
17000 591385
934697 243323
590167 113873
699290 743307
843111 589392
589362 485205
808268 874022
624002 392873
579666 69614
455909 81346
167370 143660
39067 774895
508215 538393
785142 334238
503591 253891
606991 409602
475026 372844
638259 470147
470547 849569
473355 139053
796825 741766
988367 427071
481850 822849
152384 335187
228160 202524
821210 175258
45783 885933
88299 263216
192108 823646
422916 512273
20082 144028
355272 920112
633414 16133
273241 654314
494599 269174
404319 268783
158651 227889
815996 241687
980310 160261
244410 173787
284783 503482
193032 184870
692040 809671
733111 216420
171918 931736
259197 868535
134015 467407
742 100133
275488 143672
883247 893382
152222 657737
137092 40798
305674 475653
777409 920706
590768 386166
239941 19406
114397 208509
502393 649650
649370 962170
250876 708803
747428 896922
472442 409134
656402 95827
527204 769630
442282 704698
803985 86092
838181 92996
979993 232386
518154 971343
707515 176890
511422 904663
295933 565586
462604 277634
209137 258562
41757 447920
960465 875204
234486 184911
565409 674621
563485 204645
442523 810570
348412 127548
397440 529026
306976 138378
112779 554713
188024 169199
716091 606035
907674 386448
535961 49926
467624 608041
310320 963874
985003 429735
124070 402354
546130 34326
837508 366952
743654 568074
282121 869326
302405 481422
9782 748729
197194 284797
711539 47372
320296 215378
814908 846746
568315 10797
87206 218693
643061 888381
192245 665171
312845 324189
527299 778721
120675 205893
68215 815682
204981 152967
741552 728351
231809 45251
290812 400428
713684 565008
28365 657849
837357 979139
492298 629281
964479 879519
862664 421068
735573 604162
978628 211693
369618 24315
24474 246997
479235 88270
610384 185257
177959 556434
263707 156026
958332 593402
479545 85911
819613 270115
399338 226407
678591 483711
604895 813568
715240 88669
319408 512028
781436 991272
369101 867555
759534 863341
146699 143606
52553 84017
871581 909318
624151 400957
154258 971285
663185 370083
477324 714635
304095 953733
839832 212142
920148 178928
610588 475533
414944 887137
546765 545587
855846 771777
54144 530919
