500 10
285762 874211
594685 505528
589712 945494
640019 312847
102239 713577
102316 109290
464238 750482
675118 542056
266069 281118
424501 795116
603212 455004
353164 447236
25970 900578
207251 648055
296785 167890
288468 839871
299092 569237
852165 682425
250657 559565
581785 857316
174548 799729
835362 608331
90054 868338
193182 641725
87276 729229
789949 478722
679586 326474
290239 834516
136881 392818
814416 239624
150629 68228
450940 274544
543586 472422
549862 834141
292137 856132
883964 706135
931440 672143
225426 299166
247911 307964
278937 841337
552883 767824
481331 852686
257351 776651
401384 247320
795515 459928
519079 281005
739176 844407
686571 349520
724189 775243
90116 569598
545922 980516
19797 857240
317628 812694
260602 588582
296633 848537
807598 410596
192562 626817
532294 731623
187823 593037
902755 333794
175647 329712
455417 408618
100605 246310
467986 518507
311523 750896
754098 468884
337720 149839
388324 847059
149021 505207
562502 466984
425762 708292
382817 232947
95146 841623
237692 379339
70279 267871
814719 480335
58314 739378
92278 793563
273002 842707
39670 704173
477081 497271
324952 294956
140064 666999
886973 689521
832385 251494
298233 752115
292114 857359
160309 937463
261818 112095
783517 342552
393749 185201
553419 517834
298183 850395
501922 477337
723885 266899
246481 660547
174884 568466
614758 939358
770965 449143
54228 843315
783865 495650
579654 376084
803612 355131
508175 946413
904666 652931
809443 221327
950912 223110
213212 354867
563546 714704
562753 477337
805147 720488
731330 778726
275492 327452
538492 445907
227385 110313
795594 483026
853667 460007
201260 807335
272105 848998
331567 617265
493431 323327
822109 664370
623856 961489
599351 825771
195321 546138
498226 892850
286753 867038
226502 559835
63537 772427
250821 571638
743289 463648
550770 325204
174452 632016
199315 290423
288649 848991
210798 311890
286894 833256
801245 478631
193796 414936
890430 693913
815230 457770
793554 175137
559239 742604
257287 140145
770892 516313
171519 368138
632444 342086
559662 831115
205138 589714
565875 504069
537797 833797
598201 446429
844717 596136
845564 680125
961094 286284
292322 870394
805396 475132
212382 192447
715672 455702
103145 304235
212956 716094
718420 835685
305602 844903
455765 952003
625931 832917
293717 851896
549020 479974
828060 472901
344491 599093
199236 665513
344432 544310
774005 693245
283354 789643
781387 463238
758766 478376
799010 444218
886737 413899
523908 271269
309825 779226
582024 231313
415738 136937
435596 851248
262257 588568
343270 658878
726827 359663
840377 382576
417844 562855
131272 645549
890632 482791
687480 378267
149161 582958
813127 501270
232711 509412
552675 465743
683926 462882
601141 843110
515577 527494
760403 488158
158849 552925
211693 568659
915418 668138
105661 309827
835904 754786
168645 291776
749999 322944
337455 204250
203642 245042
596620 427007
743460 562950
541042 475095
332242 746028
345160 354468
133699 853419
592342 519550
614147 392832
177705 357584
821187 591532
284106 871062
200446 602639
495565 728576
567539 447690
698731 504092
892769 618923
33087 729455
189998 300695
817247 492705
210969 560788
284129 867547
590093 499781
567202 710272
538520 859379
660591 842774
493429 890621
622883 228704
217375 845685
375748 348678
284217 861422
767663 453099
302306 204354
176926 924813
599312 460408
178072 412671
797084 499865
329478 393081
130868 589689
53148 928107
488885 852965
720756 341545
285838 856009
696458 372913
549937 697056
534736 908737
435006 336977
316623 666654
495015 333123
286520 855232
284675 858486
319545 611384
152741 439366
261168 343050
146162 340366
869553 730548
288223 848038
611212 531964
565546 375682
806904 478067
266615 849815
811470 640759
102057 363914
409137 793833
94276 393750
314042 133516
820943 467803
537332 533095
798505 470207
120213 308135
523265 895072
150946 936028
663899 971147
415087 635811
165184 591405
494574 842706
95009 720951
765185 454842
132412 248740
712420 461043
162682 309000
787795 343562
435113 642676
556352 474330
294459 846205
525830 829357
477753 903580
267240 859142
115806 246772
882358 648811
191114 411340
690313 415886
284673 874495
225925 628662
830207 591816
354814 887118
498795 827610
184795 656394
813196 717828
584995 806912
125532 15550
868006 738043
777585 447930
562542 472934
844571 666910
285271 592538
280443 866889
709299 429712
809763 525355
571896 474210
195647 557124
871449 302474
295566 614628
244718 242861
984225 320236
295436 843604
293285 25405
142547 583250
859158 232362
421435 970560
508469 510393
295691 278845
563877 452473
296345 853930
757315 339754
285588 857832
816950 469154
291850 873552
117300 308209
198791 317760
233220 229922
643029 801909
626568 490886
586664 856591
575975 343889
494458 743875
812517 433339
294808 849377
282878 852601
796942 473744
620216 891309
830740 391125
604291 825319
230821 891405
329639 764713
557315 504592
744019 490829
265063 852508
503970 494365
569661 447847
497267 971990
678735 326552
783943 461733
808793 204630
262635 238432
561861 469839
300915 847542
574722 420236
199855 600473
327431 124707
772849 528401
910322 581851
307435 124034
290287 879634
325855 833761
672414 384638
426496 754068
272871 869341
94312 302130
839614 662203
454343 795173
694565 448996
232777 335997
567262 453421
190072 557587
230674 725876
560275 874409
393194 851729
535284 488507
804471 452248
221950 302893
976574 402881
431954 540174
180743 793050
780757 215423
65101 990795
148596 820528
584973 901015
720109 443029
229787 666707
257586 553766
792419 518694
814065 447943
880045 293615
184090 268495
96069 318904
822900 400616
585401 212402
792903 503151
416519 700382
563695 433186
151216 265553
178846 801030
587637 796058
632644 432214
817146 447536
280851 83754
609269 874114
193273 77889
226781 591619
656157 314382
772672 192887
678252 451609
758469 272864
562885 341235
271836 849989
805225 695931
806043 472057
262049 872030
298351 842812
145644 211711
326010 289296
804534 440523
277473 179977
715422 395384
502325 802913
319304 132242
740992 484630
487266 366751
134177 917924
374909 833544
770257 482464
517366 911016
474029 147405
744615 495235
657387 372397
419341 659863
145345 313020
569217 461077
662677 664314
261621 854465
823296 479580
616891 780447
625660 285734
162507 382551
311445 350415
628806 906359
416269 348372
850171 114043
364423 705310
734453 483441
7666 745677
578593 514905
864270 659157
883754 696314
281593 868126
670579 313743
549993 482071
775503 213921
132848 678868
510898 521447
135901 573724
521492 911259
413347 737756
306449 854905
481209 857519
634319 421127
465215 779261
714978 568731
624663 867007
588231 805231
736568 261545
209880 562552
865589 621054
622720 920601
276878 620123
847346 734638
522075 921769
251299 198552
635099 819863
153756 314903
478294 294222
165651 273296
205084 345577
475634 290919
768478 535266
168670 648866
73017 927304
157267 313550
190634 607538
401928 711035
538236 933864
128292 289697
129701 903647
