500 20
490456 509014
269494 126015
183325 156068
248513 772619
408900 769588
839404 542142
315568 9620
269596 118692
711886 813820
458224 691272
317758 823293
221682 194940
411236 768642
306099 882770
263929 111830
503615 121266
697481 751992
132347 690045
167375 176630
262715 754640
263308 123215
580460 122134
521871 147190
476612 132557
410276 769610
624645 924090
490552 509051
833834 516678
612458 622474
287318 818892
219176 793894
842532 531680
874301 383179
225237 778374
410743 768804
406074 917028
410059 767981
438668 589019
846164 518121
823621 544881
296835 136591
655904 640657
172990 170331
224098 817103
410358 766801
603089 403463
398799 802870
457594 146025
410553 691727
667288 361977
181425 167598
920537 837479
889503 904905
335008 595613
273790 111083
490228 508546
488610 509877
266965 820535
409763 769233
717082 842721
154712 680626
490683 509218
228464 789783
723948 470042
836509 527760
816349 516852
217038 597946
259639 118012
323391 696931
429902 154868
258471 93457
208434 188316
220365 216716
708059 956115
639206 900845
456687 303161
489388 318959
552385 687463
299196 566426
211320 175187
415323 760272
489904 509320
843572 528530
845775 527001
207113 849368
713761 992307
714226 752593
288238 141275
499850 173925
412007 768702
408436 770061
667052 684034
504132 754108
433974 788397
568902 432269
588298 334486
489925 509876
135902 826758
245801 771892
341377 779368
180878 757188
236082 838434
474093 145897
844186 505746
605087 255708
652705 397628
157976 150048
505310 477582
631732 326651
936645 778307
489318 509129
828420 548194
322294 747804
489716 509578
244162 801406
215694 172966
276467 798683
585883 815895
867491 931389
293685 108996
87994 667892
512894 437021
258020 105497
489932 508120
561401 338841
849526 536540
316760 586270
893462 841692
197005 838021
208507 170361
244679 786408
845376 532691
929104 841719
307752 652863
264392 138791
686494 792581
639382 532250
425446 180284
281307 599745
317167 724776
394236 134123
565806 518042
404843 747434
641157 290454
311290 440261
143470 784118
409038 768827
489723 509030
904290 817274
411425 768928
843761 529242
358643 709689
803051 835913
514229 118635
862810 801060
912379 741133
202743 955402
960042 776917
347278 603471
966599 959714
143075 199352
409898 768756
726178 854080
282395 108508
281882 138098
602461 810956
773177 807343
384813 200539
564935 567041
489891 509276
201537 188741
629355 392850
831431 542550
421682 86778
462946 793733
484490 818882
645940 357099
231884 169091
627446 559102
210323 201787
366172 675417
246768 789903
410448 768678
409964 768911
444987 476975
319962 988952
265614 122075
663893 384146
529417 647591
537515 453996
954690 605318
822431 540068
548351 382530
825810 550181
409910 766594
356836 440482
409628 769361
411964 768109
277721 894367
743162 588269
154343 169892
564832 357430
260377 658332
410266 768169
177080 923465
490746 509260
489064 509931
717181 956738
181825 206859
208334 851057
687079 223393
810415 871092
300739 105947
340871 690526
878462 666176
846784 522251
462669 654700
848535 527869
412521 815923
265743 142069
865249 831149
268461 101787
508991 616213
488809 509501
411358 767549
613095 409962
793989 311593
377461 683518
258747 617984
231198 757628
271546 142967
564712 828699
594394 480432
854951 521370
527187 78432
835787 467310
191535 836506
580226 375098
247974 830020
451826 721080
462492 825396
518116 39788
252238 839474
606748 481296
468888 691657
487867 144674
410625 769987
228157 597560
845481 530067
876090 648141
421096 142694
838841 522399
514407 37072
489608 509512
339082 905
193758 176406
489925 509598
253772 108482
488989 508936
522100 709429
871177 527202
857080 541303
321653 823962
410812 768617
311366 806662
472727 288714
813839 517322
285168 139386
553149 140168
795565 992897
404570 765475
451003 687472
277242 605566
380158 856542
648697 284831
411764 227665
548882 495673
412271 767935
279749 697963
255461 561226
491505 509450
269563 125180
413477 691534
834834 969921
359783 928712
490684 509065
600122 494072
344732 241150
840813 512395
410830 767770
612144 394390
232297 777925
464397 894392
427998 751320
495852 579450
629052 700560
485067 109452
271967 112248
453432 671462
400756 904970
604859 222649
192843 148250
476462 137190
634345 383230
479417 118908
539971 377804
209249 157983
380436 753649
412460 557563
185974 168499
249831 824557
201481 182772
707621 772450
489835 509150
660331 869287
437821 783428
175872 578955
848079 528528
609264 804444
275104 637738
495264 147688
257921 483738
386934 583891
694103 407000
833747 528471
410361 768212
644460 347026
381025 284176
170753 180689
491458 509056
582903 352844
294486 102429
272678 120686
463095 164720
186970 523518
490725 509024
409846 769015
402548 654358
489553 509839
346012 869743
411931 768072
489828 508926
667320 423415
614986 387592
191080 178609
448378 385793
365510 630997
875151 791178
606420 352559
635671 829534
411759 769005
683465 817820
669549 893294
411652 697567
279946 581435
472945 214052
665831 846793
729784 276507
522993 163043
524586 396712
489762 509371
469366 110847
767493 834745
169017 738336
798569 323280
648888 963236
651047 449587
490296 509392
840838 520928
689694 614398
369525 728982
330956 932871
402843 783525
768302 992501
856779 520261
409743 769583
508481 620885
446217 665665
409629 768666
261828 156128
409966 767448
285463 652053
757601 938810
490878 509092
279544 147230
489837 509525
398203 246989
623212 454902
832837 535056
508969 343729
256682 118816
773462 751115
205420 157817
839917 848084
863480 547782
262040 528544
334506 741129
720984 812215
619423 923140
442451 681186
609861 295102
405217 819781
683579 308870
241927 817620
765112 872236
571842 486846
789301 345911
184892 168259
271476 126943
243811 673060
379696 561605
868168 445736
485501 672582
232411 157023
497479 441042
410312 770492
847023 523418
655167 704388
595757 739447
353252 709172
294486 687958
821432 289661
472549 605249
722851 256295
510486 564838
273311 855985
154012 177635
846868 523375
242112 124478
266895 119644
757278 794545
697725 950682
746290 322398
218679 876823
642786 883523
433444 696038
473977 409074
410324 769928
786132 766474
693371 801879
737218 817866
673275 932875
198682 753091
843316 520994
575153 750
318774 682290
383923 709374
736069 395013
581566 273919
411283 769760
828385 521502
905114 830389
904074 795012
694293 485126
281358 617223
429706 212814
233178 683812
142891 151501
257639 752618
410824 768411
178155 834402
192734 165664
475300 137739
490829 510575
249380 803626
408328 767679
502379 381656
411577 770486
243061 123014
573798 328681
767428 481658
458156 618017
161674 167488
405322 831971
512044 842819
195828 596557
409421 769272
655168 997455
319531 688534
523496 524367
347120 701898
669893 240519
283453 134874
172631 190568
273813 650927
497496 372174
401283 418693
705309 896925
680535 274254
249473 778113
713561 236721
214436 786102
848192 525369
192206 807307
852032 517635
141946 964452
181679 179964
659307 407819
716235 436467
499785 709496
