500 15
367856 271210
213834 338929
950807 507986
673420 796818
670412 298548
200134 777955
115643 202422
714971 109950
639056 395416
331695 835394
765972 889426
880822 586816
798103 793337
223836 277879
763197 565306
244899 298340
750848 435413
882130 590055
138942 319050
876936 517629
586966 763631
820871 376469
889819 482553
476068 102901
209397 324887
116227 182487
135060 802746
619792 775027
534137 58939
638485 726244
636918 784145
808318 690017
681102 875283
493077 99898
833937 399889
445066 623677
855766 767765
396434 377279
31640 907194
739659 801675
665798 286411
201232 902004
846309 385748
202446 313784
343327 363567
712931 793069
311241 375835
971814 542602
684155 594787
570880 139059
435959 41766
752839 218472
687447 122796
104641 299342
118608 250538
569133 55234
791737 530731
580378 746590
577497 130634
234785 159420
654817 242517
758789 835286
262891 186829
743113 808166
598552 217291
310409 306844
623619 110786
666452 700191
347342 401445
483398 116037
656756 848273
637820 308191
919032 888232
299580 361468
659635 812012
969352 517196
607227 154873
679745 810994
376968 937462
895686 842657
430928 148213
819963 945300
778389 904766
247177 182090
477620 49921
854454 505709
642171 287980
680830 116400
307280 377640
721971 536420
865979 420385
722888 800775
707323 654848
967153 530188
787665 906444
622066 237689
798434 499795
756936 133166
379439 253579
763924 412745
599287 124911
799892 891557
607364 118879
937597 582483
731658 317422
453585 132867
661633 281370
779758 201426
577732 49241
275793 348776
720395 858939
552008 107275
914101 908645
760398 661855
680923 836186
317102 866978
651154 763730
97604 719794
836689 813347
686051 191559
379740 961957
275192 337209
692378 283957
538646 569903
526792 876822
53311 858802
925290 500941
767679 496937
577912 41266
731608 357000
882620 819493
253691 772790
146662 174865
630587 356205
925491 854953
576676 739017
378737 601785
31866 845813
413987 80592
736185 234758
487270 812831
664370 732472
338244 242512
805853 845444
575731 123114
407165 597424
784322 501293
638362 321074
864274 519765
850508 391197
862873 543460
656183 854579
874281 945925
931840 523113
803810 939792
329029 477395
598713 694290
874521 486010
366682 427456
561440 138954
663391 280059
661720 350755
650584 747983
388067 980558
663820 97415
953793 571303
635295 763238
887960 863638
638171 172852
195066 178727
761371 841133
586756 49500
668052 855852
646750 194219
600231 136792
947615 485685
720207 365413
404258 64549
121572 235847
381125 116188
184976 940574
661128 858023
583754 38305
100782 926849
724689 382235
762022 839515
333716 334247
601820 141625
729583 261027
332024 451058
508711 915956
602842 358114
756505 815728
9389 809512
384681 360904
640928 788189
216462 298733
819736 655746
484421 401756
227416 160199
597940 54224
742391 425529
721519 250788
734101 567974
686652 384819
202587 841997
776443 420341
934087 562767
781226 697042
499860 422070
553700 97049
811395 391083
850825 530321
705126 692006
628976 791695
734729 348118
487751 74592
473900 836943
312932 871936
609413 234312
556667 126544
923198 905246
856290 564754
582868 752733
622671 321000
583826 746401
669288 88008
931761 908629
622270 682651
312632 888430
677478 818011
756267 404733
952152 518336
228426 235763
745290 490554
901702 591259
759784 162383
282802 217761
831481 635826
451405 790622
970288 525789
724134 826392
137100 327645
386478 925223
658166 836064
614090 334723
936147 894186
830431 771232
854741 555264
863165 785955
599322 128333
663747 848091
534121 391161
81979 712429
500766 660939
747581 421972
899605 922220
523255 513922
773442 395979
528923 443149
639500 256145
703424 392087
649243 195705
674538 401120
944094 586815
716872 601767
27385 904701
27523 831552
614978 702682
690412 671475
940829 832121
167060 934950
342358 498143
846345 517798
590296 49514
746953 244158
842307 434032
506002 855551
126908 942145
276735 305483
709563 343484
868619 428765
682871 724262
830864 945831
370656 938748
720137 612209
936688 530035
380629 392701
542622 562872
267336 333449
866471 651075
549873 80163
664894 777861
600764 121156
761828 511240
568236 49115
920881 587433
496418 621742
288218 328153
462923 119122
616624 116835
666497 815071
725667 310062
381855 129141
941782 880301
577504 738788
494019 494857
697868 352994
872604 432156
763053 879303
815856 514841
297174 531420
648782 295738
815779 499457
769246 818939
42326 892129
837421 578094
111990 253616
728611 801794
260399 264837
35187 784781
350338 941139
722563 789779
641713 703998
473568 595438
391951 61973
422144 46811
858306 505766
605428 120189
372824 119017
882750 516356
630061 398184
868658 441100
943839 575474
964155 551021
454081 65812
772573 864758
855549 560022
288972 295562
607456 118583
692447 804136
293632 318292
683145 753966
434153 79277
635809 342036
592921 166529
647152 406467
718165 829744
368982 465399
347862 403697
872475 488278
212118 166452
138161 958862
679566 740007
770045 679758
624755 370217
230494 166347
684480 728052
936212 857982
724964 368777
439659 392364
318452 891392
160771 891750
567710 136439
381067 659007
770480 471291
858231 549366
849290 554818
382542 128349
825766 523671
379656 981658
622911 80136
752149 704135
718938 700392
357511 839612
779777 161287
852348 591107
418015 349207
847155 428430
801242 547037
370737 75124
368227 365238
555446 403520
752100 806135
679462 829372
170699 717308
620160 87177
687997 86047
720266 875454
836638 628491
450645 83382
633962 790013
612677 58114
524529 74007
952754 495014
816482 493930
5625 799246
432543 917503
394287 377791
643532 362067
243154 236285
755677 523197
777208 545874
714249 266356
110727 791094
379101 983395
903524 794306
482403 72817
577881 718322
625077 724036
695547 563988
691063 254213
620362 140442
683514 735621
719130 877611
189010 312237
626392 89983
375816 555381
86691 245353
787139 900804
723455 794149
422392 124552
133937 308264
720678 257692
740559 800504
877057 507961
503110 813817
470230 904350
755860 840725
680490 788037
155876 154100
703535 885789
695303 800154
130384 935114
806591 889102
486052 935831
798385 882771
718134 364031
432697 942245
175427 954561
214335 170445
800455 498083
250957 274667
254955 207771
239364 858936
132534 242940
552829 65611
502214 416900
372722 257758
774094 408078
868297 780416
469377 122381
379627 134061
439972 151846
662385 803915
315347 382778
389687 276881
473053 407683
699377 321624
945369 853970
717222 883582
719193 391693
757373 443523
629518 398701
700971 305128
629576 683494
767731 163680
130403 179105
912835 922433
367085 367997
912534 809669
785485 483439
265522 300900
394808 92233
752881 126832
730852 851652
770665 216353
384317 829278
879585 488834
481101 612749
526728 636380
856452 552363
66535 900237
786969 532050
365991 401644
261863 179309
811052 918865
614546 698665
867702 862008
630428 361712
310729 253911
153559 328895
262778 294149
854784 783951
521334 909652
241865 885723
135333 187209
583161 130946
863598 522969
387774 389977
