500 30
763048 579219
69467 709717
440764 206738
669105 71454
729476 335753
159024 161789
692137 888238
216141 49421
482565 601524
533023 961319
311694 458544
2322 22357
115074 199276
638868 916554
49012 742111
962999 869834
119764 769857
395604 66769
697315 837181
123408 522826
347385 120386
707820 278383
794863 20479
535762 153003
266629 171294
685669 927470
849082 98924
243833 957797
160029 38708
704241 538843
426589 27172
605086 326499
102093 573533
943591 162353
634360 615885
194076 295754
890129 266404
276139 485836
292440 974153
434676 578335
18033 342196
72702 117611
458156 192876
405807 937903
164594 635713
161906 458663
888020 466072
981768 27
726670 834902
716343 490691
958810 39739
570122 399652
199893 963284
324107 616882
884812 986005
303863 173241
518585 147205
881740 606488
532243 317700
94647 351248
893330 751982
752522 719346
379432 804226
502063 864398
534886 71573
722211 630375
171892 710685
757739 539528
427577 182154
532887 240417
348505 858720
354918 938638
677271 493036
813629 840768
414497 154705
459557 410167
704181 873990
151206 569244
895752 604647
555851 900724
574692 527921
138234 606991
324406 34314
416120 443149
34791 974364
689028 438732
553262 444099
780463 209467
323634 858731
537393 20143
399590 668368
252355 897347
619693 179109
781266 707322
616849 970873
396290 287964
989515 272669
833557 299086
9975 601779
942423 426693
900567 688849
173961 262589
224448 741356
205496 557918
568155 717140
369206 234496
451717 939265
138878 474331
357104 157018
653338 224734
595684 455829
899368 456494
727333 586677
585742 134694
888407 545039
845412 65959
193742 766314
238553 894087
508491 148180
621093 842179
647952 795796
686868 91662
320682 232830
339574 203232
102339 8241
57349 103397
664061 80019
898787 55732
131010 814997
617658 987793
248042 927059
460987 96156
357607 883458
475062 896874
52848 361179
943002 767364
299183 596425
761160 607472
829601 32528
565594 563813
373466 431969
42068 857176
750947 716407
620616 205382
169023 535099
127532 596135
82807 749989
326487 669050
988861 85731
881254 32894
716375 131320
38882 18573
570553 645050
605383 916799
949567 662464
855341 628920
629727 655452
474484 375908
87551 183350
318250 468193
813764 320824
279683 984028
876433 435870
44300 852197
578536 162316
643858 974437
180179 538969
519089 469454
615384 747404
114292 901510
868413 770967
305115 192177
342810 547584
78649 257107
802736 220923
534440 800513
572662 559390
668365 285724
753145 655896
729019 760793
18076 882285
250974 839876
633414 662111
787075 162936
372762 77076
183603 118289
602506 343176
826160 522630
57559 399463
211059 884780
191521 109948
493292 305265
425407 706510
562089 27232
870909 155713
146036 968553
459274 826099
775446 831117
362718 470299
796674 704230
171314 226587
671103 446422
792312 57109
949095 51945
529884 444973
237040 239424
468867 27044
951340 930343
418583 42417
280690 336405
900100 745786
413139 849880
552380 411885
153656 350341
478319 485912
664672 399481
162211 404271
980381 662743
164248 694205
335389 680628
340165 434677
230075 897862
100087 312993
412929 323760
917105 419317
852361 713353
147275 897270
650341 261464
272172 331100
16611 823277
164113 213220
738280 916882
111048 762633
718091 688052
733163 961806
44194 520523
440996 566521
323375 906185
828657 665680
941364 875286
9879 668509
642742 905260
350542 405373
226868 477287
477386 973494
112604 55823
743343 544808
918249 440367
451303 396537
295560 536426
161544 481537
741538 771813
908676 817105
400469 183697
301386 852896
873392 542603
815143 263204
943160 91840
389762 353640
267888 546880
34393 536462
593172 300462
505764 313836
989589 229389
625094 852350
515528 35943
783407 844014
927536 63499
728364 207496
918972 840344
720292 874218
570833 378450
429005 510740
549929 999775
121683 134092
847210 252544
771628 379159
416482 308510
646518 869645
412987 191643
610057 41874
104666 176456
642543 526795
895990 967278
753414 777810
519131 264722
229752 585224
919272 743515
8763 975659
161655 726543
266859 549634
805913 597090
716732 796934
854706 493857
821208 13151
481216 518944
154146 257660
822502 477168
486672 118994
529348 525536
39899 34987
676178 64405
776859 631236
609942 8217
980574 12852
966314 966234
742004 46622
400482 259529
4015 756914
574353 933470
725976 837519
945974 629840
613260 538997
197251 53861
783 692444
170732 515085
567925 378485
12904 914868
962149 121794
317093 114920
609164 217705
84854 991971
48262 896985
997728 711993
525308 250795
990976 279519
765674 978524
171792 605898
409612 940643
109016 102748
654793 305759
703396 799088
921844 498765
996351 97975
927223 811055
709293 690397
165274 277885
582988 161729
292634 670748
797424 697027
832868 786116
582055 757639
277526 488050
574810 1949
1834 309071
360705 305009
382410 524201
606610 500496
812065 983758
599865 985553
605025 633265
809313 466798
674569 139200
557718 876426
136609 611333
77296 520256
988547 152531
574325 275377
931970 3113
555368 353959
880817 973747
46962 193207
899910 484640
145713 861194
381661 358681
119261 948193
687898 276474
543388 587704
729837 575645
350129 831270
432864 547441
718619 119288
988949 964863
904194 264576
836653 91826
334585 901526
478369 313690
951330 807882
815320 431481
992669 531874
51565 524836
689182 144056
447757 61613
396831 944200
96304 181503
230854 63465
527668 746862
784403 125579
81877 599882
582351 230973
523888 616656
56210 985384
998819 462306
371746 9695
770313 795837
462188 668557
218640 53226
153235 367037
72110 728069
919157 4271
837956 481117
949540 711482
173436 639003
685791 141820
724925 9083
576074 83944
406118 664362
216250 273645
56701 466201
694470 599684
698886 786758
187128 592507
431517 29117
798857 608255
458864 810842
398031 667200
440807 279653
334607 563201
712668 604419
985961 213321
122557 504876
55161 168940
438295 50943
934020 413878
626761 16446
706367 937194
878727 109799
445558 901167
729597 133831
75310 209485
442210 128398
347538 492955
907102 555935
674469 382372
661319 51134
154516 977646
213669 982910
329851 524725
630327 618933
779447 901452
185510 423473
55492 32262
792950 824683
490535 798586
641162 390353
770627 461694
201159 484274
532426 224986
42472 126155
906315 664905
36422 768993
599009 232700
667054 158445
41494 237197
707070 503357
822631 897980
46666 809510
439756 126274
911675 500306
122353 44686
897125 489544
230720 226505
131596 19488
76181 843146
156140 985003
683510 888650
739609 74791
63896 669258
877832 259944
149194 861136
617637 251651
272832 427029
765803 545246
23429 561830
344739 721838
381631 303558
227439 853980
61348 632998
742007 736815
776922 451833
142271 658475
187537 482414
24932 532415
950 269818
143411 238252
988011 730839
750077 141823
525230 817607
112615 760087
251159 279908
908615 651101
630341 801842
667794 586683
360989 126870
162356 551939
81304 126839
408679 80395
95373 652085
546247 53688
778742 381524
