1 100
10 54
152 154
38 190
68 108
80 90
114 38
68 2
8 44
152 188
134 86
26 42
200 58
138 76
26 60
130 154
192 164
34 52
94 122
154 70
8 34
192 178
180 80
96 28
116 8
110 200
56 120
156 180
164 188
158 70
200 50
110 14
150 160
164 194
80 100
106 170
42 84
112 68
132 138
12 70
144 54
32 152
54 160
76 24
190 176
102 96
106 122
172 154
140 62
160 10
36 56
42 46
58 36
140 104
190 164
200 168
116 160
92 166
18 162
28 98
24 192
150 174
42 6
6 84
200 178
144 28
134 120
100 20
158 140
66 38
62 64
166 12
172 54
158 24
112 58
140 196
84 194
42 124
46 38
140 124
58 174
20 140
46 134
80 82
126 62
64 174
144 132
26 118
62 184
196 186
154 138
122 24
150 128
184 104
168 110
90 30
50 68
152 194
56 112
136 116
148 200
