1 5000
30 1921
1506 30
333 1546
5981 349
13 150
1049 49
47 1212
286 47
203 3377
765 47
104 5664
41 613
76 1554
52 4641
11 1388
668 51
312 30
171 349
333 1541
333 108
349 537
2131 79
78 512
132 259
49 1129
545 13
79 1019
2907 275
82 1249
1230 78
349 4650
2068 49
306 82
67 5272
718 26
1437 73
2241 71
84 121
46 1068
26 2295
41 1212
1099 2
26 3548
2542 71
1340 104
132 316
952 26
2200 67
333 2012
135 663
4963 144
333 2002
157 413
100 154
11 653
146 2320
2387 10
272 349
80 330
84 4155
343 157
1228 67
80 6003
1045 15
5399 79
1216 28
225 84
49 3335
1645 134
4708 34
4128 51
84 970
1702 224
2658 157
1523 11
1073 82
51 480
76 901
72 34
6 3285
392 2
178 3412
650 22
67 661
3 89
937 149
3 1126
11 326
1710 10
275 2906
3491 157
13 372
30 1538
1428 151
49 2690
1307 2
84 6838
1957 104
5251 113
2 401
27 3641
421 104
149 2466
2182 113
5843 26
46 111
135 5539
3929 51
1163 34
203 4404
1975 42
400 2335
149 2454
2697 71
4723 84
1527 132
76 6366
135 896
52 1466
34 4801
133 920
42 1980
15 2225
76 291
1566 71
34 705
104 5201
146 9133
1056 28
82 1720
2611 134
333 856
151 5587
3139 11
615 151
49 3183
349 1340
20 71
79 2576
84 736
337 133
27 5378
333 532
41 832
915 224
82 1870
3156 113
113 383
1491 6
2224 113
2293 52
400 767
71 449
4129 11
6097 203
134 96
30 1864
47 1291
475 11
957 400
8674 73
3622 80
51 2126
4721 157
600 15
6 3022
13 1
3193 104
11 138
47 209
135 554
2014 67
28 3113
52 1872
43 41
104 2826
42 581
110 9027
2052 34
6 4584
85 2043
49 1783
52 2338
1296 135
123 67
27 1902
406 85
78 5571
133 2974
123 134
2361 22
22 1355
77 333
4171 26
2079 22
4807 79
2788 349
1338 349
134 419
1156 132
5265 157
6613 400
82 707
1374 110
400 475
78 3540
834 203
2520 134
4770 78
4381 275
1005 76
2 589
1678 113
275 6727
110 103
144 1604
203 479
2995 76
3260 133
47 2666
49 810
1269 34
400 779
3965 42
203 1321
157 6211
2 2299
42 1702
2600 157
1856 71
28 2606
73 974
157 1038
3526 157
947 133
110 256
2564 133
134 986
144 611
1028 22
110 4247
915 26
132 1461
168 144
1402 51
144 192
2179 146
258 2
2980 132
1903 26
135 2244
52 2076
1306 78
76 6091
67 343
259 349
224 1305
41 343
80 1411
894 275
678 349
1726 132
3096 71
51 2230
736 10
2363 11
27 1119
400 1104
6 6926
224 463
1858 275
82 193
172 22
133 553
203 372
3 680
26 859
27 1940
2440 400
2270 149
42 4112
224 1993
2415 6
333 4354
1035 349
18 67
184 144
288 104
41 636
181 28
2580 157
1321 51
157 68
42 716
983 104
6279 10
275 1880
203 290
2724 73
67 1991
4773 134
22 2320
275 1565
403 30
3249 52
28 533
114 275
667 22
6793 71
797 151
201 10
278 34
51 1047
1694 51
400 1172
277 76
132 3417
42 64
28 2830
45 178
79 3364
1529 100
2114 85
104 643
1371 3
873 157
3839 67
203 479
341 22
349 1936
49 116
59 2
2248 22
79 4854
203 1307
2 58
4706 146
3057 80
149 1124
52 994
3177 85
718 6
15 5869
28 1148
133 765
2462 52
661 6
224 477
3 5467
104 557
1314 85
2731 104
1051 113
5256 133
51 3763
638 85
22 2808
149 1952
3 89
178 853
149 5282
10 5065
82 579
1053 49
73 2794
2676 104
1811 203
184 146
42 841
49 65
411 400
134 426
133 2079
46 1585
2505 78
1073 15
2 2300
402 78
400 2802
3 538
134 636
30 1655
52 819
1777 67
5332 134
2824 6
134 514
264 2
1180 30
2359 224
3129 85
46 2723
28 862
78 4784
1859 10
2594 42
52 1429
2207 134
30 25
2101 203
76 448
333 1322
3 1174
42 1816
134 475
2047 157
42 783
3 2085
104 159
85 484
2454 146
2704 144
1187 100
3 344
2173 67
796 71
26 7319
149 2501
76 11829
132 2781
5760 144
80 138
80 267
2721 275
80 35
85 745
224 1578
14 275
5931 46
860 28
4030 349
2229 144
26 1390
115 41
1199 80
1814 41
2139 157
284 6
51 5154
82 6930
5012 51
243 110
2014 203
84 2651
51 7962
27 4849
1737 2
143 41
80 1151
2532 52
34 6233
79 726
80 1999
49 3439
275 1331
2 1709
501 73
933 82
1524 41
27 723
3377 333
82 19
11 3211
1494 134
1007 3
100 7801
146 1107
151 3803
5437 149
3 44
11 2122
51 740
10 715
1359 6
125 132
47 2976
1214 49
1879 144
34 1943
400 368
2085 275
2809 113
255 73
2564 178
52 1609
275 833
76 1723
134 950
2562 203
375 6
135 20633
30 2144
30 3523
4112 157
51 1952
5388 84
381 34
2273 51
512 400
1467 2
1179 146
1551 76
113 928
67 1107
104 1277
42 630
203 401
84 1279
71 744
1790 110
146 57
213 85
146 3793
2234 82
27 1208
78 4818
203 3552
28 263
3919 149
51 1219
293 133
199 224
663 78
2066 80
85 2865
26 55
85 3259
84 38
1084 3
104 922
581 144
1925 22
376 224
2379 15
400 249
4161 100
395 157
5825 51
133 1230
135 1042
54 132
2 381
1420 203
3800 275
830 49
224 1826
2898 135
136 51
193 13
132 1347
11 263
3124 100
51 506
5406 34
110 570
27 3593
157 618
34 4207
275 4044
11 803
3490 349
154 135
23 67
1395 135
284 78
318 224
1202 113
275 813
964 178
169 2
104 2211
772 52
27 834
2753 13
8670 349
397 100
182 149
2 231
6 673
1703 203
1057 275
10 3075
1637 15
1774 79
1212 149
34 1016
100 140
13 584
1256 52
110 3968
133 2625
1487 275
25 82
42 758
26 1527
1311 51
54 6
1904 46
597 275
2634 132
71 2903
1009 34
363 132
10 2202
3 2268
564 178
884 42
45 27
113 93
348 157
730 178
1816 78
2608 157
27 261
76 181
301 203
144 1504
658 28
100 1216
51 544
1479 349
22 6460
1146 13
1286 78
113 192
501 203
7850 3
3035 67
10 2104
149 3320
84 1248
1048 135
79 1335
46 363
135 1503
73 1287
2253 67
203 5792
275 3289
5487 82
9944 78
1514 144
400 270
224 1928
49 884
400 2083
224 2980
2323 178
41 404
78 2414
314 22
49 1199
11 695
15 6013
178 7646
142 30
80 2175
676 76
52 3042
230 67
34 4209
133 930
4547 149
572 51
1936 73
157 2825
2897 52
146 814
400 1307
146 1080
224 3331
176 178
1480 49
82 1397
271 85
2176 73
71 3013
5 144
12675 13
1074 178
4171 349
1069 132
146 1903
918 144
49 1255
10 168
178 1553
1071 46
78 1919
1798 46
146 3438
939 134
13 2031
102 46
149 1050
67 2759
6 876
133 1010
224 1182
275 892
466 51
1311 15
6 2252
1588 2
400 830
46 1233
566 203
132 2572
51 2872
47 1491
15 599
146 859
26 1298
67 340
565 85
146 4802
2058 151
34 4049
411 79
6734 49
85 545
151 2231
1009 47
655 28
144 228
203 2379
5253 13
2174 333
100 819
369 52
1351 28
2341 275
73 3295
3457 146
11 3627
27 92
376 67
67 760
1037 11
1930 400
73 4305
22 8540
84 131
1205 224
237 82
113 142
1274 84
67 1716
776 51
51 6739
382 275
26 1170
1402 349
30 500
1042 144
154 113
159 82
11 124
157 2172
135 605
1008 26
42 1297
11 421
8348 144
2814 79
12301 22
46 2169
939 157
2798 49
110 8
349 92
400 136
3241 224
100 4984
178 5372
217 146
3632 135
3593 49
30 2779
1972 178
135 863
47 681
67 619
835 149
6 5933
41 898
1409 110
349 1753
2228 2
67 668
87 34
144 10422
3660 30
245 333
463 71
407 349
329 100
483 49
37 400
3284 80
3536 84
1448 104
1473 27
206 34
400 1548
28 757
407 28
1485 133
831 51
4472 71
51 2414
400 5068
123 34
4637 79
1399 144
82 3442
3822 30
132 2847
203 2561
178 3181
39 71
493 46
1147 34
834 34
3284 178
1081 144
84 4333
110 2264
151 2678
46 315
1543 134
3089 146
2475 15
144 242
42 1138
1520 275
233 47
570 149
1233 100
28 1070
100 451
4085 400
349 949
180 34
67 139
329 80
883 135
333 3809
27 1656
15 2457
3 1728
149 2529
134 2026
333 1078
1564 100
73 747
4035 275
363 203
80 186
4986 151
29 132
100 6419
1835 73
3009 51
594 41
34 1900
149 450
1926 178
42 2391
84 250
1507 67
3699 2
349 2245
2489 11
327 10
79 992
1269 10
6232 400
422 11
380 15
565 42
7448 41
4132 132
146 1701
1381 104
146 1501
1175 178
146 1133
3364 133
144 724
72 224
1024 80
71 3560
41 3584
133 4086
47 1568
151 1903
224 1221
584 46
349 1238
400 978
3 1983
6 1397
22 29
3773 135
96 135
356 82
9125 400
6 3645
173 15
82 2773
46 4425
100 435
49 1591
2007 135
151 1569
3644 11
2744 46
22 4722
478 71
100 2781
135 260
4281 6
41 1760
581 47
2618 133
2730 151
4369 100
725 224
144 809
224 294
3 11910
2172 400
349 869
3572 349
3013 27
28 45
2480 85
2536 51
132 1041
71 700
883 203
84 1197
1713 149
178 346
1525 149
27 2648
519 10
1401 135
1582 149
759 178
82 1545
79 291
30 1574
5336 400
22 40
333 1894
2111 79
73 2149
104 605
806 349
333 2185
73 418
259 52
22 2107
61 3
41 238
3258 84
333 8066
135 2964
1980 34
1570 85
28 2375
79 538
2076 26
113 3171
2743 51
505 3
5144 49
28 8216
7801 133
574 85
3949 49
761 224
719 275
1730 6
432 49
146 53
46 2404
80 1368
22 549
3538 79
12656 46
85 1765
5467 10
84 3585
1226 22
79 515
1612 224
602 79
1989 2
766 2
119 67
110 9115
1358 10
15 3232
957 133
42 596
1313 67
6 4167
6763 28
488 71
5493 104
2579 82
84 1259
1093 73
3309 134
80 6799
1660 34
34 272
750 79
782 84
144 731
1595 41
85 658
1432 203
113 1657
80 8096
3957 6
85 883
71 4820
47 35
185 78
3673 110
1273 27
8 400
2109 22
135 754
133 5235
400 6073
388 82
100 407
27 4983
423 203
2446 82
110 2745
48 400
73 1799
402 157
10 5598
1926 30
4239 349
78 281
203 243
3 1002
2075 41
82 5631
482 41
46 388
4841 11
82 1642
132 478
26 3024
133 4493
157 1866
782 149
82 2971
47 5588
73 1063
85 2797
720 80
4265 104
71 536
6 1017
2346 11
1497 27
28 1621
5748 30
2926 26
67 658
42 4009
43 13
543 2
6 228
1276 100
1808 349
1320 157
30 699
6119 146
6 1431
643 46
275 2761
3112 27
673 84
178 2790
560 144
146 1191
3538 146
146 673
82 576
6 2005
47 279
24 100
144 4863
1717 84
41 2501
104 309
8375 34
1373 15
15 1318
132 1881
30 3711
4324 149
197 10
3 1721
46 1442
134 1065
210 203
1039 15
4977 100
275 2907
72 42
104 3190
84 3862
146 1204
349 723
595 71
2713 47
349 443
1757 157
375 51
15 1614
6 485
275 456
132 1329
3088 133
82 3984
523 82
335 76
6 103
41 616
133 2744
133 1213
80 595
2 1001
333 5508
1847 11
28 5422
2915 100
113 462
144 90
893 22
15 1447
794 133
576 42
78 2737
46 2384
76 11077
132 656
184 178
1407 2
362 3
2111 27
2225 113
22 1703
2602 133
47 1263
613 51
34 2393
736 34
13 743
79 390
3 464
1416 30
326 203
333 150
736 13
52 1767
643 15
178 7145
134 4155
4893 400
146 2034
2106 10
1847 333
2449 132
134 1327
28 1755
2887 80
133 567
104 18
110 1700
790 22
11 1040
78 2663
2817 349
46 1697
41 487
945 30
134 990
85 2064
565 15
52 1236
7025 132
545 133
26 1425
507 71
275 6681
49 5465
10 579
144 2294
3488 3
290 11
267 27
10 1024
13 806
144 2260
4142 52
1533 10
51 1114
557 42
144 3126
4260 67
1946 15
178 6940
71 328
827 132
344 11
5638 34
133 5620
85 1848
1182 113
4683 104
2146 84
78 2498
46 612
844 28
1873 41
333 637
28 1340
953 3
151 1342
239 178
885 133
27 1385
27 2262
1659 28
15 181
151 285
1374 82
51 2612
6 4741
84 2740
84 1300
8 41
953 46
2317 157
130 15
1715 144
49 947
312 22
713 28
71 5607
151 6513
79 1745
482 149
49 651
151 1053
52 1127
51 4669
27 5817
1468 400
41 3311
6702 10
113 165
85 7254
2213 224
203 2697
79 7978
248 178
76 1725
2330 82
28 4512
144 368
84 2244
224 1668
787 133
417 79
1341 34
76 293
79 336
2361 67
333 232
79 164
2874 2
2834 80
1844 47
400 536
1723 135
4513 41
157 1436
3 1197
26 1972
1964 49
70 157
5300 224
80 815
79 1897
2972 113
3 572
480 133
2418 149
134 131
132 2913
10934 178
224 1394
607 27
34 1036
79 284
146 689
38 76
71 1189
1090 110
92 2
296 110
3618 49
26 1045
300 333
1146 13
135 4
82 363
1994 42
5548 132
42 2597
2846 400
4782 133
133 21
538 80
203 9551
583 100
867 28
73 2386
79 2263
4293 76
78 748
140 80
4016 151
46 9642
2 972
67 1751
123 82
132 5342
1347 104
680 3
133 4271
4352 34
770 133
149 1439
467 133
1477 400
26 1229
2864 85
2705 51
6369 27
78 1469
10 9932
85 6029
28 512
349 919
149 2360
295 76
13 6336
743 49
49 432
6 334
135 603
1540 13
1697 34
292 15
333 3935
1561 224
2638 333
1661 13
691 82
84 319
1204 224
34 1644
79 5325
203 714
2869 22
417 51
3359 151
85 1454
1392 15
3610 11
11 5358
288 144
891 76
853 10
758 135
76 3373
3492 151
929 146
828 110
10 606
15 1410
722 2
2982 46
30 1810
172 10
22 404
1959 157
110 1562
2423 27
76 8501
41 60
1716 71
2540 22
1826 85
2715 26
1846 73
1708 146
110 2321
723 149
405 149
73 3674
30 826
15 4953
78 434
49 1136
144 4607
1147 67
885 144
51 508
491 275
51 357
1631 52
157 1172
52 37
376 203
911 134
2 1347
2203 22
2740 34
3534 133
26 811
42 126
290 3
84 4595
1025 71
15 5193
73 266
224 1116
1207 80
113 670
169 27
1810 349
11387 84
42 58
1715 135
3480 113
15 245
1208 11
3960 104
13 3082
5001 224
195 149
42 1503
3501 26
4047 52
234 30
1605 73
6 4343
49 770
67 7005
67 495
33 100
149 7
570 82
13 537
19 71
82 1369
2 1185
2617 73
52 2984
778 333
76 3636
135 1532
41 4147
2191 27
140 110
28 1219
809 49
46 3162
42 730
84 2048
502 28
2524 144
1973 110
1523 76
287 400
4906 47
349 670
13145 134
84 3182
4106 224
324 104
2 267
4156 151
1465 144
71 228
49 2959
100 1256
27 342
1063 49
4966 146
349 745
658 104
52 2388
247 349
78 6645
2 2466
104 1045
135 1411
26 156
333 1107
1411 3
6 7387
2558 13
459 22
71 518
51 311
134 2904
42 2747
737 51
42 1974
110 7250
67 1930
67 6765
287 203
308 52
224 4669
1631 132
6112 78
157 2051
1875 34
113 1487
13 1023
1496 2
85 1699
1624 67
310 10
27 421
333 3168
2861 333
2715 132
11 1118
774 134
100 2612
133 684
178 1190
41 3302
71 439
22 2210
203 6067
46 4023
1750 52
5099 349
34 2438
135 1297
1419 27
850 27
551 275
6507 34
15 2053
684 146
76 584
8049 2
388 30
11 8783
2982 113
5940 3
79 407
1793 275
1425 67
58 275
79 1121
2314 85
1134 46
41 12110
71 1981
1365 100
275 114
7845 73
1002 100
5151 135
146 4841
1906 15
925 146
79 4084
44 11
4461 28
1854 333
1653 73
608 149
178 614
1041 133
157 1146
113 725
818 275
792 3
157 1839
11 292
27 1003
2281 2
3653 224
26 2051
2655 135
11 1895
100 1525
400 3685
117 132
191 135
27 448
3228 41
28 270
1445 27
6 1043
132 676
144 1364
2961 151
132 337
569 3
2 1327
85 986
7549 80
242 28
911 400
28 2945
51 2268
133 3149
146 177
144 2207
113 1366
16 78
2545 100
78 1964
2240 47
545 224
637 34
770 49
135 2409
8814 157
157 3074
1321 84
3 1717
400 4726
1386 110
186 42
133 662
1067 132
1435 41
1119 85
149 6829
47 522
1820 157
9385 15
203 3919
587 41
145 178
1206 73
436 333
203 4730
5767 400
1063 13
13 139
30 521
132 77
149 2053
51 324
5970 79
146 8874
1535 41
151 1782
79 278
149 1553
26 4674
203 1984
82 170
489 133
1236 6
144 498
10 185
275 1616
5831 144
13 545
34 1030
3024 2
51 225
1118 78
1835 333
1046 46
941 275
3 4156
594 84
672 400
13 1064
249 47
1902 49
510 34
1208 28
134 1063
275 226
203 4798
46 2858
542 49
2431 13
146 1157
2402 134
15 95
1342 79
13 529
2788 41
134 1456
133 834
178 2033
110 2060
113 1539
436 15
110 2148
34 513
26 4462
1662 400
2343 333
28 2590
4598 6
46 1324
510 76
9305 2
2452 41
935 67
649 178
4880 2
957 30
134 1663
2715 2
100 535
43 47
146 141
11 941
84 699
700 52
1442 6
104 1014
10 1572
1324 76
47 3005
203 4797
42 3858
132 2234
516 149
380 178
26 1231
11 3900
28 474
146 12
1805 34
3347 28
100 393
90 134
80 936
224 97
52 4737
46 665
3973 151
5045 203
212 71
15 248
555 6
327 79
1322 110
2350 135
4606 67
3 2338
1356 151
27 86
26 1938
943 82
73 569
6829 82
3538 52
6 5474
51 1721
333 2430
84 2877
2 832
132 803
76 2007
151 502
132 4551
3415 34
2603 84
6534 67
24 333
349 880
7642 46
113 614
80 530
3910 104
823 78
3435 52
82 1931
27 381
132 479
1969 80
34 1395
41 43
4089 110
1509 76
3250 71
100 3151
1246 82
132 645
1095 178
772 82
4966 135
3266 13
41 1060
224 1422
1321 11
134 5690
59 132
192 149
339 41
30 181
178 5724
135 513
990 133
406 52
1915 85
4753 80
167 132
1495 2
1582 27
3946 73
224 6481
2257 13
503 76
49 72
735 30
85 315
20 151
1722 203
625 78
203 1373
100 3044
2110 133
762 400
62 133
78 48
71 247
79 3644
1812 85
2422 144
1327 49
84 930
3134 157
103 26
203 1613
73 235
22 2702
1707 178
6 1199
13 220
1574 275
104 2031
4211 146
84 4431
224 554
52 2537
85 759
1360 78
4 400
919 22
6557 333
275 4397
1786 47
232 104
1461 400
1531 2
349 3391
2019 15
1724 34
30 1944
2896 178
1198 28
481 113
144 3439
1085 30
1735 113
110 2355
943 84
78 2103
2 1689
3300 146
6257 400
674 132
5637 79
275 1184
1224 76
104 1991
4588 113
224 114
51 765
82 6244
400 1426
695 79
4463 349
2033 34
1387 47
26 1011
6103 30
136 80
1329 13
144 1408
26 643
688 46
100 2713
73 461
79 16
224 2025
1539 178
76 35
977 151
3126 41
2642 41
1220 178
216 144
144 7813
989 76
28 519
6 1899
67 1433
390 110
80 10632
42 3650
507 41
71 2415
3657 73
333 1541
2225 15
13 703
3087 79
2475 78
3120 22
4279 224
784 113
110 1484
314 85
10 614
5961 30
4011 151
1558 22
1932 104
132 558
325 135
854 26
535 113
4084 133
3798 80
5772 104
645 203
6672 110
178 2590
146 2225
902 22
52 6435
134 166
76 1796
84 938
26 3987
3060 71
85 2259
37 13
275 625
4690 34
47 4287
349 4012
27 5910
726 133
2244 151
3346 144
295 149
2593 400
2403 30
85 1034
10 1209
67 985
4489 27
134 799
135 1437
2314 79
157 1762
224 1981
30 2045
100 1104
15 1457
2169 52
565 349
4327 2
132 2578
135 7290
71 2675
2646 41
132 1349
13 3517
30 2366
2045 178
290 6
10 281
46 3301
294 82
11 680
2 1268
3620 42
505 149
1053 82
76 2570
1175 100
1816 110
149 1035
157 301
254 73
530 30
104 1429
78 145
22 5243
344 333
30 1327
144 2400
110 2261
79 2845
745 151
775 52
615 71
76 1793
135 4397
594 134
865 133
41 245
609 3
113 525
15 475
157 409
3046 15
100 1074
2246 349
3518 2
27 529
10 1038
34 2896
4250 42
339 34
158 79
3763 104
133 2139
15 811
178 2512
2102 80
224 4282
73 4792
1280 400
4012 110
73 2182
149 3750
3451 275
27 480
47 930
10 419
3 334
1704 157
135 2420
133 2250
157 1055
1471 151
1051 82
6 566
5137 132
80 793
41 1557
5246 10
1938 84
1229 110
146 3610
425 178
178 4050
52 2605
2066 27
632 6
134 3434
2499 110
6597 275
110 1303
135 601
2 5279
76 5612
333 716
134 1512
51 2928
1818 28
1471 133
46 1490
22 619
10 2227
84 5251
7580 79
1783 203
1904 132
265 10
400 189
3470 6
1523 104
5342 52
636 178
6 38
80 1342
725 100
2995 110
47 1461
85 2848
84 2556
3256 149
333 1871
1537 104
224 221
2212 67
41 1423
275 464
203 7581
11 121
144 33
5684 67
435 84
445 11
72 80
2952 104
1205 132
921 10
333 4987
400 3539
84 951
865 134
82 193
5819 41
104 1023
42 2421
47 6721
151 2169
47 4073
178 979
15 680
981 22
10 4237
41 942
3208 400
224 210
8673 275
203 1064
433 110
203 454
76 393
2580 52
15 3062
5554 133
113 1282
880 132
51 2284
26 633
1842 178
146 211
73 784
47 1169
146 500
3 3474
24 275
10 593
26 99
11 124
113 800
472 146
7110 15
998 71
2928 149
4502 26
144 366
78 490
333 5857
84 694
3219 149
10 830
146 499
151 851
174 100
985 132
333 136
76 3111
2171 349
904 28
134 15307
27 65
151 970
959 26
4523 42
1715 178
2010 41
2787 46
51 1190
351 151
28 2391
400 2001
42 2655
151 86
51 3442
112 47
2020 149
14610 67
46 353
2920 113
5986 78
151 57
3 1769
1954 146
1442 78
716 47
4447 3
1009 6
365 27
134 4105
3 4558
157 1523
10523 85
51 941
67 935
349 896
333 609
52 1663
162 224
26 3624
49 297
2212 41
5848 76
461 149
4161 51
73 312
30 238
222 151
85 2043
110 3823
26 127
2832 47
370 146
650 104
73 3068
3479 52
333 4411
67 1215
1003 46
100 1254
563 85
695 73
493 71
151 92
4283 42
27 2810
27 7999
2000 2
4542 51
6444 2
250 113
22 1092
224 1515
6 1367
113 2748
13 175
178 822
155 400
1106 104
15 886
1663 6
3525 34
42 1429
1324 78
344 100
2131 47
132 106
4222 134
157 270
212 52
1325 30
110 1567
1882 76
104 1369
157 2063
148 400
408 85
2096 84
46 2016
6555 71
144 2934
218 203
134 7513
11910 100
134 442
113 5622
33 71
2710 203
113 2147
461 133
122 224
275 2665
6178 76
680 13
34 1365
10103 275
2 677
27 6623
572 49
85 1914
1826 34
42 242
3245 149
962 134
15 2598
5069 349
333 2663
46 960
5545 15
670 80
79 1141
4343 349
13 1859
349 444
3122 78
47 17293
149 863
78 1165
2 109
400 517
349 410
646 49
47 1925
34 285
286 41
2234 349
547 41
30 394
568 135
76 514
2545 42
410 135
78 5143
2866 6
110 2642
5983 52
1160 49
830 333
93 178
2557 71
22 1075
472 30
237 11
34 1803
82 622
275 741
41 431
1397 135
4039 133
660 78
4187 13
34 1511
736 71
728 178
400 7694
1258 26
135 2342
6390 22
79 1065
151 9614
783 27
104 1110
2034 30
100 3499
26 3804
34 532
4665 47
3273 67
178 632
11951 333
72 85
1367 178
291 400
3351 349
27 512
1964 203
22 3445
110 175
2489 110
3823 146
134 3154
1524 144
677 3
3 746
333 1834
1021 113
275 508
132 762
808 133
333 2009
680 26
11 492
110 3191
4024 79
463 2
110 1147
945 151
2281 6
10 2562
52 6767
80 306
151 2763
796 85
1933 42
134 1656
3854 76
6374 224
383 6
15 1849
146 969
7307 15
79 909
760 6
2859 224
1561 82
85 16
11 453
473 2
840 2
104 25
134 2947
3 266
146 599
34 1100
146 595
1219 22
4025 10
178 973
4459 203
46 1406
49 300
3244 22
6 1073
6313 78
178 148
104 6777
133 3574
349 1760
138 149
26 1016
52 254
2183 104
224 447
164 144
203 999
4375 80
133 1119
5482 157
2198 79
349 5511
4447 52
2509 84
134 884
73 1382
47 4912
5371 10
27 1148
2723 51
235 73
2028 275
49 7725
528 78
15 771
46 1769
10 6512
1616 46
1161 41
1056 41
71 199
1523 41
322 85
1197 30
1443 41
400 366
1460 178
321 73
71 830
3701 49
157 2766
71 3003
10 2953
41 3632
76 3258
52 3439
3917 82
15 735
224 461
144 4712
79 1650
13 1005
15 139
455 110
535 146
71 1640
100 2169
133 2240
76 818
73 277
113 426
626 104
78 303
3484 113
13 4412
10 6936
10 427
39 51
1068 22
2396 22
135 1084
535 76
85 362
34 1178
5124 78
774 149
6131 28
972 203
2227 46
11 712
1090 67
738 73
11 1414
2005 47
1530 157
26 1838
2292 135
312 275
2450 49
121 149
42 10595
2204 79
133 236
100 1425
2383 110
30 5377
151 127
2070 11
616 135
275 871
743 133
1304 84
10 772
73 3620
15 608
463 135
71 1851
47 20
104 505
4995 2
501 275
275 864
10 683
80 2436
1307 349
6039 113
333 1449
10 2830
1045 82
4693 157
3008 13
1821 71
71 116
2072 13
3725 85
1776 157
3735 2
82 841
3023 132
4742 27
133 998
1311 80
308 82
698 144
1116 13
224 623
349 812
7863 71
886 13
28 680
100 572
186 80
149 6931
501 49
1337 26
26 1087
507 10
2477 10
1778 85
1421 34
30 4466
42 215
333 1496
67 2107
90 84
577 85
2238 203
85 77
85 6887
846 132
1538 203
144 75
4327 134
71 1870
4655 349
275 531
1084 349
1135 3
157 1023
689 333
2025 10
52 781
1449 149
3532 3
1589 82
1647 76
224 1183
84 667
6 241
228 34
651 22
151 3208
151 671
2441 146
3391 146
560 78
84 715
2898 49
80 3715
7314 51
349 716
8182 76
34 2518
11 5909
80 158
79 371
71 2600
151 314
9172 133
1454 10
587 149
498 80
123 76
224 681
113 3589
110 427
18 11
157 87
1383 132
627 3
42 801
3411 28
42 699
203 3550
1125 146
925 113
463 134
501 400
1111 349
718 28
149 2468
71 1335
275 2023
67 2475
185 80
104 811
100 1254
100 448
146 1498
10 519
249 76
1009 67
2897 84
82 1477
51 819
2501 27
3 57
1108 47
231 13
100 2871
2347 27
1949 15
46 2307
4587 113
1931 400
3 4824
79 271
1473 151
134 332
1614 10
3664 28
1944 135
1841 15
4290 67
307 73
131 76
6 2708
2217 41
555 79
332 113
47 3881
34 2491
157 1578
178 6066
76 3055
2427 41
3 4365
1969 135
4042 100
135 8319
908 133
1204 47
601 28
27 1833
82 541
41 501
224 2267
312 2
1868 26
133 616
73 68
34 1834
6 1291
46 731
1153 104
146 791
224 4249
49 273
42 2351
104 556
1676 85
1390 135
469 11
28 7711
42 5392
608 275
110 2949
2146 100
1543 15
47 2032
2143 100
7353 47
67 638
67 500
5541 80
157 168
3170 26
146 807
52 1044
2416 51
9638 41
42 3859
134 14
78 289
400 5928
3 3972
79 697
1273 6
982 47
783 113
24 79
851 11
461 67
146 5444
76 90
100 1138
67 299
275 703
52 3369
285 132
8208 46
1894 151
52 1952
3333 157
146 1526
1720 67
1488 15
26 2412
2387 157
28 5742
400 3393
217 42
135 1365
42 3904
11 4778
486 6
968 135
3746 134
178 3062
30 310
151 5392
4235 82
2693 13
46 351
100 4015
3454 113
2719 47
6 753
2570 85
15 2270
769 132
28 623
6620 41
110 2676
1699 2
110 2271
11 3964
1906 157
30 6450
72 84
157 145
3903 100
27 1685
27 480
13 1251
28 6655
4961 157
178 2865
222 10
63 28
144 452
80 2443
6 564
333 663
3000 134
30 1410
121 46
686 28
90 134
41 4089
21 78
3 3185
3 805
2942 349
777 132
2886 132
526 34
178 3320
920 79
34 241
1169 110
333 210
3069 178
15 2261
2887 133
767 47
15 392
10 913
41 7593
41 401
13 166
13 2624
698 85
22 1942
80 1859
1166 151
110 3904
1265 151
203 3536
41 2541
7355 400
28 6888
1056 34
47 3256
28 8225
2186 80
78 181
3728 42
178 1670
144 805
306 22
134 438
1562 78
26 1821
1125 52
78 3597
435 84
52 1576
60 84
100 2090
551 10
4892 42
1996 46
721 157
34 348
730 80
178 351
67 1845
27 1685
2662 27
144 8082
1454 224
2009 42
11 32
134 758
144 54
676 28
1060 67
15778 79
2338 27
15 2658
67 219
4975 144
4643 224
1349 110
203 64
400 3209
1641 151
27 1077
7081 11
132 4314
333 6235
149 365
1438 51
1482 113
22 889
203 394
146 2944
157 570
73 1704
110 3185
46 1781
3625 30
84 532
7325 144
3386 28
13 382
110 176
2213 49
51 991
52 794
78 2065
26 229
582 134
34 605
1077 41
6 718
6541 34
22 1121
144 392
11 587
224 1087
833 71
149 576
333 1721
34 2740
6300 71
274 157
2 3888
2716 178
73 1176
146 2797
711 157
2727 13
15 1457
5149 400
27 1049
275 7581
178 840
134 154
3572 73
592 134
314 333
2 1404
140 135
1146 135
42 1813
82 635
73 1050
509 73
349 723
83 144
47 469
852 46
3073 11
100 5625
15 2222
100 3992
351 151
142 79
1803 157
1144 67
628 71
333 1838
6917 149
532 157
382 71
143 85
82 744
132 890
1590 80
189 28
861 151
13 175
78 5326
3 882
1036 133
232 144
2368 52
4692 73
71 596
79 318
333 593
6732 134
84 2628
84 283
10 1071
167 49
2804 80
178 2566
47 3166
22 1807
15 1117
149 1225
1022 11
1369 47
262 79
4598 46
104 4040
302 67
2317 3
110 174
3 3973
193 76
85 1864
587 85
26 829
2677 134
333 6127
42 591
6056 149
42 1044
855 15
30 2530
26 1227
11 1256
26 1392
5042 333
4922 84
3 925
67 1335
132 1878
1878 85
28 1099
1788 47
2 2081
157 4079
2838 41
84 1597
22 401
132 1048
1409 46
3392 84
2794 113
1758 144
51 699
264 104
986 30
380 104
2231 46
151 4615
100 1233
333 848
757 110
1942 67
151 1128
146 1163
27 441
1234 134
110 1019
2617 42
42 3826
178 340
30 2572
11 148
52 1221
3849 22
46 475
2174 13
549 178
2079 13
12 30
149 376
13 1708
133 6598
333 1980
27 757
10 125
30 726
15 1511
78 631
46 2762
42 1138
29 157
49 1370
113 600
2911 151
1189 49
858 349
4903 146
26 1556
6287 67
120 67
3464 349
1003 73
1017 6
4583 78
27 846
30 739
42 997
52 1614
962 26
52 843
79 627
30 11022
2599 10
305 46
211 333
1307 28
80 1936
2338 30
1696 67
26 295
34 10127
259 22
71 388
61 78
135 706
2 36
4206 400
42 800
27 2243
80 3347
1127 144
2566 13
78 5303
2607 73
738 73
1652 67
49 6601
2504 3
7 15
3482 113
224 6929
413 79
132 1419
13 3554
2 1099
5820 22
5886 28
22 3528
236 82
78 486
203 2089
132 3176
1944 73
80 3941
148 67
4617 135
561 133
275 3322
551 110
4799 22
146 2216
42 7120
4480 46
41 3108
2351 6
84 11710
47 341
10 1895
1000 135
1651 349
10 1419
1849 34
1137 132
943 151
146 307
52 480
639 30
1953 80
73 1236
42 173
52 789
1992 41
134 718
79 1860
135 380
59 80
85 3280
11 4524
157 1
3 2065
423 110
3081 100
84 1731
1110 46
80 54
1418 47
7285 13
1148 349
146 1550
78 98
318 6
51 1905
1336 79
771 47
737 224
917 76
715 275
30 1341
65 27
174 10
404 49
4399 73
471 78
52 5227
133 3315
1240 100
18 133
46 72
203 1884
529 46
71 4916
31 3
78 1126
3487 113
10 3374
11 4055
1425 82
26 440
76 1132
26 2630
3423 76
135 965
203 560
359 13
688 349
333 1223
73 470
100 379
34 636
51 1994
100 916
134 3292
2479 151
1708 82
3132 203
384 3
132 2013
1710 22
178 1022
1011 78
7429 349
4942 151
2723 3
1969 30
643 78
71 2843
15 12683
104 726
224 1411
34 1097
133 737
6 3071
2165 30
1959 11
27 2024
131 22
1921 47
4927 22
28 1242
134 1086
1974 333
113 649
2 5304
245 349
67 2156
46 225
3337 82
1897 100
135 457
151 1536
203 253
2 3449
78 5502
178 5848
155 146
4619 144
76 917
4450 134
46 1203
30 500
49 99
3810 6
146 1684
22 1224
2276 113
2399 80
3 3319
6445 49
67 1084
1195 144
11 61
4767 224
73 2386
100 1721
2553 11
2594 2
46 734
132 4235
2113 15
11 6453
27 1909
72 78
871 28
1938 46
183 71
645 146
7744 15
2117 400
2260 85
49 257
80 937
24 151
76 1844
79 2838
985 41
30 1902
34 1230
144 1086
163 41
786 84
2 2702
333 1521
232 104
592 100
1019 11
3 819
670 151
22 911
11 1775
3938 47
47 2787
151 855
51 4172
1289 400
149 5328
224 2036
2 4844
490 146
110 2606
529 34
1627 113
837 52
6045 146
46 1531
79 2810
5313 275
445 78
985 46
2197 178
42 2557
34 2014
2317 73
30 1200
208 224
2131 71
151 1060
41 560
829 15
1595 47
30 516
84 1919
400 189
4418 10
877 178
974 79
52 538
41 4449
495 104
104 296
1011 30
137 76
209 133
506 76
26 1536
133 4390
1604 13
84 207
47 4774
80 580
151 1819
2490 80
2825 178
28 1987
333 4258
42 1687
379 10
144 882
3000 78
85 1410
848 333
807 132
181 146
105 10
80 136
7632 146
1507 2
1985 27
113 3050
889 203
392 76
831 84
2322 67
49 660
4949 11
84 1600
5 42
3059 135
131 41
2 1156
56 149
146 466
41 1332
26 2604
30 5761
278 30
529 135
5561 84
1581 41
2649 52
5294 82
71 5304
7220 149
2837 104
400 1048
3868 26
2840 133
868 400
157 2323
412 6
637 110
1658 10
80 2115
5149 134
133 4440
51 2639
100 1335
1181 27
132 512
1687 76
8468 49
453 146
5153 203
3813 149
406 41
7214 27
787 46
953 47
621 46
2441 133
7249 144
720 6
188 178
5202 47
1213 3
62 47
1415 46
34 274
30 202
2 1916
80 322
2358 22
51 2228
275 450
275 240
79 4409
487 22
15 91
85 298
30 4350
275 351
2453 203
446 135
467 100
151 2515
180 84
615 2
28 548
133 344
80 694
255 78
100 423
2492 132
1651 110
1219 135
22 1494
918 85
722 349
49 1337
333 436
472 10
149 2429
13 3486
1 79
73 986
46 2897
1644 157
1138 42
13 2675
530 26
80 5305
1013 135
67 5537
383 134
390 132
519 41
579 71
1963 46
78 1470
84 2619
216 30
1826 400
2218 144
1895 400
596 41
2 2834
51 5480
275 999
9506 100
2781 203
5150 13
468 47
2207 80
3414 3
2388 46
1447 71
224 2698
85 2492
349 1956
85 2344
2887 85
161 42
2092 144
135 686
100 2585
28 750
203 2114
28 1832
8483 80
85 5770
361 78
1118 3
11 3354
52 1785
961 85
1275 400
51 1009
49 2308
788 144
272 144
34 856
366 275
27 1153
1325 224
2126 27
1161 2
82 503
168 104
203 354
13 571
104 3168
3946 151
100 1190
134 843
26 1067
144 751
8194 47
67 2317
454 144
61 10
877 80
251 104
144 615
1750 133
17 76
333 1916
13 19
46 1641
1098 78
113 1561
110 58
132 1937
128 113
135 6476
149 3105
13 1243
113 10129
2822 333
499 149
10 2686
1714 13
41 878
220 13
132 1611
333 1225
2 760
42 628
1270 27
110 1451
3199 132
51 422
51 14
275 379
41 2647
333 776
1868 110
27 1800
2027 113
81 151
2663 82
7618 30
151 1865
3 719
3 1275
349 942
62 34
705 49
203 6253
27 607
658 275
151 766
306 49
178 664
4846 82
277 78
34 1560
28 1008
576 79
5714 82
275 1974
224 3398
2042 26
1260 349
113 2031
822 76
3112 100
13 6715
7147 3
11 843
6341 2
403 71
46 911
161 79
4361 2
1551 79
5419 47
26 2042
6058 100
333 3363
3677 144
1319 41
403 76
3159 13
275 4129
71 664
5375 146
34 2069
818 6
84 19
67 3356
73 220
110 1293
26 2356
2668 71
306 71
224 2047
82 2290
3330 78
67 3268
71 1664
1232 100
584 13
22 4240
110 2190
28 1735
1221 275
85 5189
203 1512
6299 132
104 2128
22 1491
1582 41
46 2408
790 104
608 78
6 5744
403 132
135 1758
132 437
349 939
82 1196
3257 6
633 78
110 2639
113 283
159 275
2303 224
240 85
5574 27
180 3
30 3538
1219 26
161 400
588 333
51 1338
286 157
3385 10
82 3231
711 73
827 76
110 6601
346 151
569 46
2413 80
146 150
333 6890
80 1749
80 3879
5926 71
1290 82
3420 11
77 400
90 71
749 26
623 34
134 610
1135 26
2662 203
1239 79
69 22
113 2991
6 1895
27 4073
264 149
914 110
15 738
2805 146
82 958
772 52
4863 67
1121 13
3236 47
3980 110
22 2350
4196 26
22 1088
7984 349
100 1168
445 84
2 1354
3091 151
4763 27
28 122
51 5651
601 2
570 28
2 3893
4221 13
275 4949
144 70
1482 203
47 808
51 172
442 28
15 230
349 411
146 1281
719 135
134 1547
3387 85
927 133
261 113
3415 84
110 339
179 149
30 767
100 296
431 22
675 11
76 44
1472 146
1846 110
110 61
400 931
26 489
112 13
178 513
27 1564
22 2210
203 1073
135 1920
47 869
157 6919
51 1274
134 60
10 3832
52 137
2 1763
10 480
508 28
1507 51
178 496
323 100
224 5697
54 34
1272 42
113 107
945 333
1841 46
2497 41
1176 27
680 47
15 2304
178 60
1660 13
407 22
13 2238
1061 149
84 1544
190 82
1201 133
79 1838
30 344
133 1822
73 1612
1623 84
4714 133
1648 151
2595 22
100 2049
2378 113
7947 85
13 4364
85 1465
3384 85
85 2711
3 1164
85 7323
224 4836
157 1242
52 927
1497 76
333 1114
6795 132
41 614
47 946
296 104
3852 134
29 84
226 113
57 349
178 4838
104 2307
3 543
3162 67
71 461
678 84
133 838
151 169
275 209
47 5142
442 13
585 11
47 453
42 1751
49 745
805 133
78 3602
159 76
67 561
6070 85
104 5209
178 432
47 2432
668 76
41 1968
110 1512
113 1070
71 591
79 2540
1159 71
2 332
4752 73
73 2236
4072 104
534 3
206 224
5097 157
104 1857
1042 82
27 1280
28 7347
51 3175
82 81
224 680
1942 73
47 37
540 47
1716 76
157 2840
49 6482
1669 333
1788 26
82 1454
22 1690
224 4164
2 500
52 1783
30 1564
49 453
3 2189
34 53
348 149
3 319
10 1028
132 4405
144 1664
2848 30
2 748
26 1569
1846 275
193 400
149 1478
1351 135
71 2863
2908 79
51 469
2 5337
2914 67
80 711
1053 149
78 5931
2688 85
3172 157
28 2713
113 169
82 1362
3815 275
28 452
72 110
414 76
2103 26
7110 13
296 78
135 702
497 149
3102 157
30 1438
78 212
1172 42
3010 2
1522 333
135 563
2 455
1391 71
2229 224
144 3709
203 1029
1329 157
2344 78
30 2012
1522 47
191 80
2410 22
78 2836
1508 52
2645 73
6 68
28 3238
153 13
4405 110
6490 13
4770 224
437 132
151 2704
5299 82
9786 30
27 1275
113 4978
13 1286
79 2192
2390 149
1278 3
3239 71
151 3445
34 575
46 394
26 292
28 836
2060 67
73 3148
151 4507
32 178
76 1039
2916 51
135 550
2120 84
400 461
30 3523
3857 73
146 2576
275 656
1138 30
73 1146
1902 104
67 192
736 22
15 3327
1417 104
388 84
1543 333
1110 67
3018 49
113 1835
4818 13
6 695
157 678
539 134
1962 30
6 4791
13 2950
133 741
6 1925
82 3463
5896 34
2286 52
22 205
5246 51
125 78
11 554
81 3
1270 71
132 283
995 6
1011 113
135 6411
85 3409
124 80
113 70
2382 11
2539 144
2358 6
224 3467
178 3256
71 5279
80 446
11 1794
1068 224
1009 134
214 10
807 157
1859 22
2744 49
194 46
224 8697
133 6506
79 1600
110 32
146 2192
6253 82
76 3228
400 2178
7974 76
85 1484
104 1148
3 651
2853 333
158 84
1852 52
134 1297
2370 149
84 553
878 157
1556 3
338 11
2221 26
273 349
2023 30
81 27
533 400
186 146
3718 22
1608 2
6 233
84 1884
2582 42
888 30
11 3889
1753 15
149 5828
2419 157
6 399
82 187
525 52
2752 67
84 3627
637 51
271 224
84 1536
11 926
1348 134
78 1532
79 613
52 550
2421 27
133 401
4167 82
83 13
2324 82
3190 79
66 149
3047 73
113 3801
806 110
41 4087
3 4132
51 206
82 1913
868 52
2216 49
27 566
71 5485
2875 2
51 422
1982 47
333 4189
285 132
1628 11
15 681
3697 78
85 606
80 99
10 4468
2211 275
151 1084
73 835
49 1004
8066 400
71 4813
34 2469
98 146
560 104
426 144
28 1552
151 1339
151 483
578 113
10 1530
144 987
29 134
3 1752
349 141
6 604
135 371
3602 79
49 1302
223 11
13 411
2553 178
120 10
2526 22
104 1951
73 889
1730 10
151 715
513 149
24 6
76 3232
3844 30
275 631
2385 275
4394 113
986 46
6269 203
3348 134
682 151
828 42
221 26
6 5349
157 1318
41 2152
593 349
1511 47
395 76
131 400
113 1983
275 2988
3958 71
151 2864
100 1295
82 720
1530 6
536 178
72 3
1968 113
62 47
747 80
3268 26
135 2218
3269 144
1252 135
178 1402
80 1172
52 2542
85 3440
10 414
27 2619
109 26
144 441
8744 22
567 28
84 1523
10641 49
1541 80
100 492
492 10
930 3
629 26
1161 146
893 100
78 2058
915 67
333 474
283 49
2338 135
3 6314
10 1581
270 104
151 1244
3042 52
815 79
349 1567
442 28
22 1041
134 805
3 2218
71 622
1342 151
1272 78
49 1083
1720 400
2779 134
178 336
1216 113
657 27
203 222
157 2114
224 646
1622 67
132 3764
113 3014
757 135
132 1894
913 100
73 441
52 2720
10443 6
27 3396
13 1483
22 925
1852 100
2634 30
808 349
444 203
46 3337
2897 149
144 1415
28 374
148 13
149 2861
1237 73
71 439
203 2710
1735 76
11 5083
3179 149
2093 6
49 529
3288 349
13 1274
144 5121
67 636
777 144
104 4267
7938 76
1033 15
132 3118
203 805
312 84
400 606
209 76
2642 6
817 78
3173 15
333 1035
442 224
1787 46
204 79
748 133
134 1640
52 1474
30 1946
2608 11
9289 26
1299 73
872 333
178 260
413 73
151 5175
718 149
1909 100
6 1510
78 138
293 42
242 42
2268 26
349 2022
52 1375
5224 146
134 1420
918 110
144 5187
11 173
41 323
3046 26
41 4460
1865 203
1300 333
1367 349
144 448
7688 135
46 1155
203 567
437 149
67 1065
149 2198
52 374
224 3220
2951 73
11 137
15 2254
4285 134
72 104
943 133
436 100
157 345
34 6681
76 1608
104 1020
1243 15
85 1765
3250 79
149 3155
203 81
631 26
400 205
1669 52
51 1269
6 486
275 841
181 22
761 67
144 253
202 13
85 1150
6596 49
4306 2
400 9
259 134
3079 73
132 5858
46 1691
15 189
1315 2
532 133
3800 73
224 767
132 1377
3075 42
116 49
4806 110
349 3902
85 1072
2869 149
22 803
42 2200
79 1236
84 3698
132 1258
1243 52
73 3620
2581 133
578 27
28 4792
454 52
2894 22
13 736
47 560
349 228
27 1968
3 765
26 1025
213 30
2496 79
41 145
82 344
84 4282
278 157
5038 134
15 1275
2069 52
34 1998
1581 104
2396 26
11 2731
30 326
618 41
1693 135
228 67
76 782
52 2581
240 146
1847 79
847 49
341 110
275 2937
34 753
4843 178
100 102
3 1585
619 110
3489 76
146 631
52 2209
76 225
2571 76
71 527
3201 178
5378 178
28 3669
46 3817
3986 52
94 333
2267 133
26 4493
146 1099
110 751
947 349
2464 22
157 217
149 1806
10 5874
49 2060
51 1049
3 188
47 948
73 3545
755 178
26 1340
42 1192
71 81
1430 110
11 808
34 2926
2 1531
703 151
275 574
190 146
874 76
6225 104
2797 151
3401 67
2272 46
1080 47
177 73
67 2374
1911 76
73 1175
52 4391
22 3198
2630 51
2077 51
92 400
325 224
333 438
4193 80
1846 132
1651 11
49 2749
46 660
1198 113
3046 13
104 4045
79 1111
349 2541
1030 28
10 574
134 366
955 10
4345 6
73 4535
349 3225
77 85
4753 10
126 26
728 149
5556 3
28 1299
275 120
22 438
275 4283
78 5448
2431 82
3065 178
2322 49
49 2125
731 146
47 63
349 433
47 50
3195 49
304 135
41 966
7179 11
1179 79
178 75
85 931
85 166
2572 79
2780 149
1337 400
2507 203
831 146
3647 26
911 30
75 49
85 1059
860 51
2625 51
104 2743
6 1012
34 553
203 1785
47 264
42 6694
104 1110
4218 110
134 219
135 866
110 1647
71 1925
1496 135
6 1751
82 2023
9964 113
82 728
110 600
30 1468
1887 22
13 2498
565 80
157 328
5218 349
1916 178
82 583
26 1643
1045 134
10 323
4 134
9920 104
76 1118
20737 132
614 78
28 527
84 1752
7340 157
28 1972
178 2632
144 662
1150 6
729 49
49 1053
3354 104
428 67
616 100
224 2017
1338 42
30 1437
149 1074
139 400
135 3077
1428 85
53 333
49 2480
275 8399
7477 82
283 104
1335 49
144 2544
400 1372
11 5788
110 441
30 1460
47 1463
1654 51
76 4139
1839 11
22 326
78 1603
6553 110
73 2976
274 3
151 5115
113 1483
47 874
3026 27
80 339
27 305
151 2418
73 601
1536 47
452 151
82 4162
15 1107
157 1571
203 434
73 1004
15 839
4303 157
190 15
76 348
3 3139
2033 82
49 2852
100 112
100 555
104 1808
28 867
51 143
4102 3
1392 78
1954 52
5876 157
876 51
78 4109
80 167
100 140
79 470
6 388
897 76
82 4362
5391 151
242 275
425 2
82 8163
113 1823
2756 30
28 1702
132 908
13 3240
1345 132
2723 47
224 61
113 3994
1164 349
1382 47
15 3725
3786 100
4105 100
203 361
685 28
27 4582
203 2172
151 138
436 76
2085 349
13 258
73 2020
79 1965
1149 333
349 3354
146 1721
1021 15
3395 28
2057 132
3098 6
1359 15
241 349
1155 80
85 1967
1488 113
2919 73
2 1075
149 1384
157 1738
1551 113
1164 51
3 2289
400 3177
224 998
400 584
51 4999
224 1810
3154 46
113 661
134 315
2776 113
44 149
550 76
149 1503
2490 67
28 4147
11 3679
151 90
42 8348
79 4678
51 295
30 366
51 1698
82 8
369 349
3936 82
104 3212
1915 22
113 380
1742 10
134 3688
157 1773
2985 6
15 1852
46 1400
71 851
4074 80
133 7
110 1307
1340 349
1158 157
2546 146
224 2799
32 275
15 2141
1340 144
1522 51
6739 135
1261 275
11 680
15 548
4147 178
3125 2
2056 73
47 1106
1511 224
133 1284
613 27
149 3795
73 625
34 2321
71 1001
85 586
4272 41
42 768
133 660
6 223
84 977
27 866
47 564
10 7024
822 79
42 381
333 489
47 1058
71 2221
8641 71
446 144
13 1966
400 2526
3943 146
1830 132
3061 10
400 3462
47 644
13779 26
400 617
2130 84
5277 3
151 461
380 42
42 179
149 2442
1214 134
78 1471
113 1074
11 2365
632 333
178 727
1182 144
344 85
1179 73
34 2792
100 3077
1345 52
275 2599
224 1407
3632 85
42 2417
931 84
80 126
80 6397
51 235
76 4003
789 34
46 2067
1387 349
2861 203
203 1705
2178 84
157 811
134 1180
49 6500
521 52
2151 49
173 400
333 880
5455 10
1239 333
211 11
42 316
7517 41
743 26
157 1487
79 1647
52 612
4604 11
6 439
1205 46
452 134
84 1378
30 508
886 149
52 3866
2150 42
26 384
80 4227
994 73
203 229
151 2795
1044 52
3344 100
860 275
203 444
23 76
4527 275
10 1917
15 4671
46 3711
134 1240
2605 80
2461 100
46 417
275 541
104 631
49 369
80 637
2019 15
73 10552
672 71
492 135
237 15
104 6949
41 615
5821 113
11 3417
67 95
113 1016
15 4391
847 333
349 2979
6855 3
80 923
203 1045
1111 113
110 1282
42 1035
1569 82
605 151
3 1233
1238 132
46 7486
26 2557
135 2222
28 1263
113 2805
110 1442
2600 135
49 901
4444 149
6 4190
4467 42
22 1503
224 2286
178 951
1064 42
42 1929
1891 34
151 710
3428 67
178 596
982 11
42 2225
133 481
333 3830
110 3202
174 110
542 203
4206 151
73 510
610 224
78 614
4104 13
3561 2
1284 104
2534 135
2938 104
419 52
674 2
42 4782
5357 178
78 1011
42 37
1185 275
10 550
104 540
2933 203
2014 15
1173 85
831 2
568 100
104 1451
28 877
8862 71
102 22
1620 41
798 157
52 615
4058 13
79 413
2818 224
2118 67
10 19
104 2048
126 84
1559 3
1448 47
233 22
517 49
80 3248
557 80
419 132
135 464
224 53
98 135
1369 76
