2 8000
800 800
2 10
29 32
22 1
8 34
4 2
1 2
29 1
1 11
6 1
1 1
1 10
1 2
1 12
4 29
1 5
3 1
8 3
29 2
31 2
9 1
2 10
32 29
1 22
8 34
2 4
1 2
1 29
11 1
6 1
1 1
10 1
1 2
12 1
4 29
1 5
1 3
3 8
2 29
1 31
40 1
10 2
29 32
1 22
8 34
2 4
2 1
29 1
1 11
6 1
1 1
10 1
1 2
12 1
4 29
1 5
3 1
8 4
29 2
1 31
1 32
10 2
32 29
22 1
34 8
2 4
2 1
29 1
11 1
1 6
1 1
1 10
1 2
12 1
29 4
1 5
3 1
8 4
29 2
2 31
1 1
2 10
29 32
22 1
8 34
2 4
2 1
1 29
1 11
1 6
1 1
1 10
2 1
1 12
29 4
1 5
1 4
4 8
3 29
1 2
1 31
10 2
32 29
1 22
34 8
2 4
2 1
1 29
1 11
1 6
1 1
10 1
2 1
1 12
29 4
5 1
1 4
4 8
29 3
1 1
32 1
10 2
29 32
1 22
8 34
4 2
2 1
29 1
1 11
6 1
1 1
10 1
2 1
1 12
4 29
5 1
1 4
8 4
2 29
2 30
2 1
10 2
32 29
22 1
34 8
4 2
1 2
1 29
1 11
6 1
1 1
10 1
2 1
1 12
29 4
5 1
4 1
4 8
29 2
30 1
1 32
2 10
32 29
1 22
8 34
4 2
1 2
1 29
1 11
1 6
1 1
10 1
2 1
12 1
4 29
5 1
1 4
4 8
29 4
2 1
1 2
10 2
32 29
22 1
8 34
4 2
2 1
29 1
11 1
1 6
1 1
10 1
2 1
1 12
4 29
1 5
4 1
8 3
29 4
1 2
10 1
2 10
32 29
1 22
8 34
2 4
1 2
1 29
11 1
6 1
1 1
10 1
1 2
1 12
4 29
5 1
4 1
8 3
29 2
2 30
1 10
10 2
29 32
1 22
34 8
2 4
2 1
1 29
11 1
6 1
1 1
10 1
1 2
12 1
29 4
5 1
1 4
8 3
29 2
30 1
40 1
10 2
29 32
22 1
8 34
2 4
2 1
29 1
11 1
1 6
1 1
10 1
1 2
12 1
29 4
5 1
1 4
3 8
3 29
1 1
1 40
10 2
29 32
22 1
34 8
4 2
1 2
29 1
1 11
6 1
1 1
10 1
1 2
1 12
29 4
5 1
4 1
3 8
29 3
2 1
1 39
2 10
29 32
1 22
8 34
4 2
1 2
29 1
1 11
1 6
1 1
1 10
1 2
1 12
4 29
1 5
1 1
8 3
30 4
1 2
1 9
2 10
29 32
22 1
8 34
4 2
1 2
29 1
1 11
1 6
1 1
1 10
1 2
12 1
4 29
1 5
1 1
3 8
30 3
1 1
1 40
10 2
29 32
1 22
34 8
2 4
2 1
29 1
11 1
1 6
1 1
1 10
1 2
1 12
4 29
5 1
1 1
8 3
3 30
1 2
39 1
2 10
29 32
1 22
34 8
4 2
1 2
29 1
1 11
1 6
1 1
1 10
1 2
1 12
29 4
5 1
1 1
8 3
2 30
1 31
1 40
2 10
29 32
22 1
8 34
2 4
2 1
1 29
1 11
1 6
1 1
1 10
1 2
12 1
29 4
5 1
1 1
8 3
2 30
31 2
9 1
2 10
32 29
22 1
34 8
2 4
1 2
29 1
1 11
6 1
1 1
10 1
1 2
1 12
4 29
5 1
1 1
4 8
2 30
2 31
1 1
2 10
32 29
22 1
34 8
2 4
2 1
1 29
1 11
6 1
1 1
10 1
2 1
1 12
29 4
1 5
1 1
8 4
2 30
31 1
1 32
10 2
32 29
1 22
34 8
2 4
2 1
1 29
11 1
6 1
1 1
10 1
1 2
1 12
29 4
1 5
1 1
4 8
4 30
1 2
1 1
2 10
32 29
1 22
8 34
4 2
1 2
29 1
11 1
1 6
1 1
10 1
2 1
12 1
4 29
5 1
1 1
4 8
3 30
1 1
1 32
10 2
32 29
22 1
8 34
2 4
1 2
29 1
11 1
6 1
1 1
1 10
1 2
1 12
4 29
1 5
1 1
4 8
3 30
1 2
31 1
10 2
29 32
22 1
34 8
4 2
2 1
29 1
11 1
1 6
1 1
10 1
2 1
1 12
29 4
1 5
5 1
3 8
4 29
1 2
1 9
10 2
32 29
22 1
34 8
2 4
1 2
29 1
1 11
6 1
1 1
1 10
2 1
1 12
4 29
1 5
1 5
3 8
29 2
2 30
1 9
10 2
29 32
22 1
8 34
4 2
2 1
29 1
11 1
1 6
1 1
1 10
1 2
12 1
29 4
1 5
5 1
8 4
29 2
2 30
1 1
10 2
32 29
1 22
34 8
4 2
2 1
1 29
11 1
6 1
1 1
1 10
1 2
12 1
29 4
1 5
5 1
4 8
29 4
2 1
1 1
10 2
29 32
1 22
8 34
2 4
1 2
1 29
11 1
6 1
1 1
10 1
2 1
1 12
4 29
1 7
4 1
1 3
7 3
4 29
1 10
10 2
29 32
1 22
8 34
2 4
2 1
29 1
11 1
1 6
1 1
1 10
2 1
12 1
4 29
1 7
1 4
1 3
7 3
29 3
1 39
2 10
32 29
22 1
8 34
4 2
1 2
1 29
11 1
1 6
1 1
10 1
1 2
1 12
29 4
7 1
4 1
8 3
3 15
4 14
25 1
2 10
32 29
1 22
34 8
2 4
1 2
1 29
11 1
1 6
1 1
10 1
2 1
12 1
29 4
1 7
1 4
3 8
3 15
3 14
39 1
2 10
29 32
1 22
34 8
2 4
2 1
1 29
1 11
6 1
1 1
1 10
2 1
12 1
4 29
1 7
4 1
3 8
3 12
17 3
1 39
10 2
32 29
22 1
8 34
2 4
1 2
1 29
1 11
1 6
1 1
10 1
2 1
1 12
4 29
1 7
4 1
3 8
3 12
4 17
22 1
10 2
32 29
1 22
8 34
4 2
1 2
29 1
1 11
6 1
1 1
10 1
2 1
12 1
29 4
1 7
1 4
8 3
25 3
3 4
1 39
10 2
32 29
1 22
34 8
4 2
1 2
29 1
11 1
6 1
1 1
1 10
1 2
1 12
29 4
1 7
1 4
3 8
25 3
4 4
35 1
2 10
32 29
22 1
34 8
2 4
1 2
1 29
1 11
6 1
1 1
1 10
1 2
12 1
4 29
7 1
4 1
3 8
4 21
4 8
10 1
2 10
32 29
1 22
34 8
4 2
2 1
1 29
11 1
6 1
1 1
10 1
1 2
12 1
29 4
1 7
1 4
3 8
12 4
17 4
1 10
10 2
32 29
22 1
8 34
4 2
2 1
1 29
1 11
6 1
1 1
1 10
2 1
12 1
29 4
7 1
4 1
8 3
4 3
26 4
10 1
10 2
29 32
1 22
34 8
2 4
2 1
29 1
1 11
6 1
1 1
10 1
1 2
1 12
4 29
7 1
4 1
8 3
3 28
4 1
1 38
2 10
32 29
1 22
34 8
2 4
1 2
29 1
1 11
6 1
1 1
1 10
1 2
12 1
4 29
7 1
4 1
8 3
3 28
1 3
39 1
2 10
32 29
22 1
8 34
2 4
2 1
1 29
1 11
6 1
1 1
10 1
2 1
1 12
4 29
7 1
1 4
3 8
4 3
3 25
39 1
2 10
32 29
22 1
8 34
2 4
2 1
1 29
1 11
1 6
1 1
1 10
2 1
12 1
4 29
1 7
1 4
3 8
4 3
25 4
1 14
2 10
29 32
1 22
34 8
2 4
1 2
1 29
11 1
6 1
1 1
1 10
1 2
12 1
4 29
1 7
4 1
8 3
4 6
4 23
1 10
2 10
32 29
22 1
8 34
4 2
1 2
1 29
11 1
6 1
1 1
1 10
1 2
12 1
4 29
1 7
4 1
8 3
3 18
11 3
39 1
10 2
32 29
1 22
8 34
4 2
1 2
29 1
11 1
1 6
1 1
1 10
2 1
1 12
4 29
7 1
1 4
8 3
18 3
11 4
28 1
10 2
29 32
1 22
8 34
4 2
2 1
1 29
1 11
6 1
1 1
1 10
1 2
1 12
29 4
7 1
1 4
8 3
3 10
19 4
1 20
10 2
32 29
1 22
8 34
4 2
1 2
29 1
1 11
6 1
1 1
1 10
2 1
12 1
29 4
1 7
1 4
3 8
10 3
3 19
1 39
2 10
29 32
1 22
34 8
4 2
1 2
29 1
1 11
1 6
1 1
10 1
1 2
12 1
4 29
1 7
1 4
8 3
23 3
3 6
1 39
2 10
32 29
1 22
34 8
4 2
1 2
29 1
1 11
1 6
1 1
10 1
2 1
12 1
29 4
1 7
1 4
3 8
23 3
6 4
1 33
10 2
29 32
22 1
34 8
2 4
2 1
1 29
1 11
6 1
1 1
1 10
2 1
12 1
29 4
7 1
4 1
8 3
4 17
4 12
10 1
2 10
32 29
1 22
34 8
2 4
2 1
29 1
1 11
1 6
1 1
10 1
2 1
12 1
4 29
7 1
1 4
3 8
22 4
7 4
10 1
10 2
32 29
1 22
34 8
4 2
1 2
29 1
1 11
6 1
1 1
1 10
2 1
12 1
29 4
1 7
1 4
8 3
3 20
3 9
1 39
2 10
32 29
22 1
34 8
4 2
2 1
29 1
11 1
6 1
1 1
10 1
2 1
12 1
4 29
7 1
1 4
3 8
20 3
4 9
1 30
2 10
29 32
22 1
34 8
2 4
2 1
1 29
11 1
1 6
1 1
1 10
1 2
12 1
4 29
1 7
4 1
3 8
26 3
3 3
39 1
2 10
29 32
22 1
8 34
4 2
2 1
1 29
11 1
1 6
1 1
10 1
2 1
1 12
29 4
1 7
4 1
8 3
3 26
3 4
36 1
2 10
32 29
22 1
34 8
4 2
2 1
1 29
1 11
1 6
1 1
10 1
2 1
12 1
29 4
1 7
1 4
3 8
4 28
4 1
1 10
2 10
29 32
22 1
34 8
4 2
2 1
1 29
1 11
6 1
1 1
1 10
1 2
12 1
4 29
1 7
4 1
3 8
4 4
25 4
1 10
10 2
32 29
1 22
34 8
4 2
2 1
29 1
1 11
1 6
1 1
1 10
2 1
1 12
29 4
1 7
4 1
3 8
14 4
4 15
1 10
2 10
32 29
22 1
8 34
2 4
2 1
1 29
1 11
6 1
1 1
1 10
2 1
1 12
4 29
1 7
1 4
8 3
3 29
22 1
17 1
10 2
29 32
1 22
8 34
2 4
1 2
29 1
1 11
1 6
1 1
10 1
2 1
1 12
4 29
7 1
4 1
3 8
3 29
1 29
1 10
10 2
32 29
1 22
34 8
4 2
2 1
29 1
11 1
6 1
1 1
10 1
2 1
12 1
29 4
7 1
1 4
8 3
29 3
26 1
1 13
2 10
32 29
22 1
34 8
2 4
2 1
29 1
1 11
6 1
1 1
10 1
2 1
12 1
29 4
7 1
1 4
3 8
3 29
11 1
28 1
2 10
32 29
22 1
34 8
2 4
2 1
29 1
1 11
1 6
1 1
1 10
2 1
12 1
29 4
7 1
1 4
3 8
3 29
1 2
37 1
2 10
32 29
22 1
34 8
4 2
1 2
29 1
11 1
6 1
1 1
10 1
2 1
1 12
29 4
1 7
4 1
8 3
3 29
1 34
1 5
2 10
32 29
1 22
34 8
2 4
2 1
1 29
1 11
6 1
1 1
10 1
1 2
1 12
4 29
7 1
1 4
3 8
3 29
1 8
31 1
2 10
32 29
22 1
8 34
4 2
1 2
29 1
11 1
1 6
1 1
1 10
1 2
1 12
29 4
7 1
1 4
8 3
29 3
14 1
25 1
2 10
29 32
1 22
34 8
2 4
2 1
1 29
1 11
6 1
1 1
10 1
1 2
1 12
4 29
7 1
4 1
3 8
29 3
5 1
34 1
10 2
32 29
1 22
8 34
4 2
2 1
29 1
11 1
1 6
1 1
10 1
1 2
1 12
4 29
1 7
1 4
3 8
29 3
35 1
4 1
2 10
32 29
22 1
8 34
4 2
2 1
1 29
11 1
1 6
1 1
10 1
2 1
1 12
29 4
7 1
1 4
8 3
3 29
1 10
1 29
2 10
29 32
1 22
8 34
4 2
2 1
1 29
11 1
1 6
1 1
10 1
1 2
1 12
4 29
1 7
4 1
8 3
3 29
6 1
1 33
2 10
32 29
22 1
34 8
2 4
1 2
29 1
11 1
1 6
1 1
10 1
2 1
1 12
29 4
7 1
4 1
8 3
29 3
24 1
1 15
10 2
32 29
1 22
8 34
4 2
2 1
1 29
1 11
1 6
1 1
10 1
1 2
1 12
29 4
1 7
4 1
8 3
3 29
36 1
3 1
10 2
29 32
22 1
34 8
4 2
2 1
1 29
1 11
6 1
1 1
1 10
2 1
12 1
4 29
7 1
4 1
8 3
29 3
1 3
36 1
2 10
32 29
22 1
8 34
2 4
1 2
29 1
11 1
1 6
1 1
1 10
1 2
12 1
29 4
1 7
1 4
8 3
29 3
7 1
1 32
2 10
32 29
22 1
8 34
2 4
1 2
1 29
1 11
1 6
1 1
1 10
1 2
1 12
29 4
7 1
1 4
8 3
29 3
32 1
7 1
10 2
29 32
22 1
34 8
4 2
1 2
1 29
11 1
6 1
1 1
10 1
1 2
12 1
4 29
7 1
4 1
8 3
29 3
1 33
1 6
2 10
29 32
22 1
34 8
2 4
1 2
1 29
11 1
1 6
1 1
10 1
2 1
1 12
4 29
7 1
1 4
3 8
3 29
1 37
1 2
2 10
32 29
22 1
8 34
2 4
1 2
1 29
11 1
6 1
1 1
10 1
1 2
1 12
29 4
1 7
1 4
3 8
3 29
1 18
21 1
10 2
32 29
22 1
34 8
2 4
2 1
1 29
1 11
1 6
1 1
10 1
2 1
1 12
29 4
7 1
4 1
8 3
3 29
1 23
1 16
2 10
29 32
22 1
8 34
2 4
2 1
1 29
11 1
1 6
1 1
1 10
1 2
12 1
4 29
1 7
1 4
3 8
29 3
21 1
18 1
10 2
32 29
22 1
8 34
2 4
1 2
29 1
1 11
1 6
1 1
10 1
2 1
12 1
4 29
7 1
1 4
3 8
29 3
1 16
1 23
10 2
29 32
1 22
34 8
2 4
1 2
1 29
1 11
1 6
1 1
1 10
2 1
1 12
4 29
1 7
4 1
3 8
29 3
28 1
11 1
2 10
29 32
1 22
8 34
4 2
1 2
29 1
1 11
1 6
1 1
1 10
2 1
12 1
29 4
7 1
1 4
8 3
29 3
31 1
1 8
10 2
29 32
22 1
8 34
2 4
2 1
1 29
1 11
1 6
1 1
1 10
1 2
12 1
29 4
1 7
4 1
3 8
3 29
20 1
1 19
10 2
32 29
22 1
8 34
2 4
2 1
29 1
11 1
1 6
1 1
1 10
2 1
12 1
4 29
7 1
1 4
3 8
3 29
1 25
14 1
2 10
32 29
22 1
34 8
4 2
2 1
29 1
11 1
6 1
1 1
1 10
2 1
1 12
4 29
1 7
4 1
8 3
29 3
1 38
1 1
10 2
32 29
1 22
34 8
2 4
1 2
1 29
11 1
1 6
1 1
1 10
2 1
1 12
4 29
1 7
1 4
3 8
29 3
1 9
1 30
10 2
32 29
22 1
8 34
2 4
2 1
1 29
1 11
6 1
1 1
10 1
1 2
1 12
29 4
7 1
4 1
3 8
3 29
1 12
27 1
2 10
32 29
22 1
34 8
4 2
2 1
29 1
1 11
6 1
1 1
10 1
1 2
1 12
29 4
1 7
1 4
8 3
29 3
1 15
24 1
10 2
29 32
22 1
34 8
4 2
1 2
29 1
1 11
1 6
1 1
1 10
2 1
1 12
4 29
1 7
4 1
3 8
3 29
1 19
1 20
10 2
32 29
1 22
34 8
2 4
2 1
29 1
1 11
6 1
1 1
1 10
2 1
12 1
4 29
7 1
4 1
8 3
3 29
1 30
1 9
2 10
32 29
22 1
34 8
2 4
1 2
1 29
1 11
6 1
1 1
1 10
1 2
1 12
29 4
1 7
4 1
3 8
29 3
1 1
38 1
10 2
29 32
22 1
8 34
4 2
1 2
1 29
11 1
1 6
1 1
10 1
2 1
12 1
4 29
1 7
1 4
3 8
29 3
1 13
26 1
10 2
32 29
1 22
34 8
4 2
2 1
29 1
1 11
1 6
1 1
1 10
2 1
12 1
29 4
1 7
4 1
3 8
3 29
1 27
12 1
2 10
32 29
22 1
34 8
2 4
1 2
1 29
1 11
6 1
1 1
10 1
2 1
1 12
4 29
1 7
4 1
3 8
29 3
1 17
1 22
2 10
32 29
1 22
34 8
4 2
2 1
1 29
11 1
6 1
1 1
1 10
1 2
12 1
29 4
1 7
1 4
8 3
29 3
4 1
1 35
10 2
32 29
22 1
8 34
4 2
2 1
1 29
1 11
6 1
1 1
10 1
1 2
1 12
4 29
7 1
4 1
3 8
16 4
4 13
1 10
10 2
32 29
22 1
8 34
2 4
2 1
1 29
11 1
1 6
1 1
1 10
1 2
12 1
29 4
7 1
4 1
8 3
4 10
19 4
10 1
10 2
32 29
22 1
34 8
4 2
1 2
1 29
1 11
6 1
1 1
10 1
1 2
1 12
4 29
1 7
1 4
8 3
1 3
28 4
1 11
2 10
32 29
1 22
34 8
2 4
1 2
29 1
11 1
1 6
1 1
10 1
1 2
1 12
29 4
7 1
4 1
8 3
1 3
28 3
1 39
10 2
29 32
22 1
34 8
2 4
1 2
1 29
1 11
6 1
1 1
1 10
1 2
12 1
29 4
1 7
4 1
8 3
4 1
28 4
1 10
2 10
29 32
22 1
8 34
4 2
2 1
29 1
11 1
6 1
1 1
1 10
2 1
12 1
29 4
7 1
1 4
3 8
4 24
5 4
1 10
10 2
29 32
1 22
34 8
4 2
1 2
29 1
11 1
1 6
1 1
10 1
1 2
1 12
4 29
1 7
4 1
3 8
4 25
4 4
1 10
10 2
32 29
22 1
34 8
2 4
2 1
29 1
1 11
6 1
1 1
1 10
1 2
1 12
29 4
7 1
1 4
3 8
20 4
9 4
1 10
2 10
32 29
1 22
34 8
2 4
2 1
29 1
11 1
6 1
1 1
1 10
1 2
12 1
4 29
1 7
1 4
8 3
3 3
26 3
1 39
2 10
29 32
1 22
34 8
2 4
2 1
29 1
11 1
1 6
1 1
1 10
2 1
12 1
4 29
7 1
4 1
3 8
3 3
26 4
1 13
2 10
32 29
22 1
8 34
2 4
2 1
29 1
1 11
6 1
1 1
1 10
2 1
1 12
29 4
1 7
1 4
8 3
3 16
13 3
1 39
2 10
32 29
1 22
8 34
2 4
2 1
29 1
11 1
1 6
1 1
1 10
2 1
12 1
29 4
7 1
1 4
8 3
3 16
13 4
26 1
10 2
32 29
1 22
34 8
2 4
1 2
29 1
1 11
1 6
1 1
10 1
2 1
1 12
4 29
7 1
4 1
8 3
3 5
24 3
1 39
10 2
32 29
22 1
34 8
2 4
2 1
1 29
1 11
1 6
1 1
10 1
1 2
1 12
4 29
7 1
1 4
8 3
3 5
4 24
1 15
2 10
29 32
1 22
34 8
2 4
2 1
1 29
1 11
6 1
1 1
1 10
1 2
12 1
29 4
7 1
4 1
3 8
13 3
16 3
1 39
2 10
32 29
22 1
8 34
4 2
2 1
1 29
1 11
6 1
1 1
1 10
1 2
1 12
4 29
7 1
1 4
8 3
3 13
16 4
1 23
2 10
32 29
22 1
8 34
2 4
2 1
29 1
11 1
1 6
1 1
1 10
1 2
12 1
4 29
7 1
1 4
8 3
26 4
4 3
1 10
2 10
32 29
22 1
34 8
2 4
2 1
29 1
1 11
1 6
1 1
1 10
2 1
1 12
4 29
1 7
4 1
8 3
4 11
4 18
10 1
2 10
32 29
1 22
8 34
2 4
2 1
29 1
1 11
6 1
1 1
10 1
1 2
1 12
4 29
1 7
1 4
8 3
19 3
10 4
29 1
2 10
29 32
1 22
8 34
2 4
1 2
29 1
1 11
6 1
1 1
1 10
1 2
12 1
4 29
1 7
1 4
3 8
3 19
3 10
1 39
2 10
32 29
22 1
34 8
4 2
2 1
1 29
1 11
1 6
1 1
10 1
1 2
1 12
29 4
1 7
4 1
3 8
8 4
21 4
10 1
2 10
32 29
1 22
8 34
2 4
2 1
29 1
1 11
6 1
1 1
10 1
1 2
12 1
29 4
7 1
4 1
3 8
4 18
11 4
10 1
10 2
29 32
1 22
34 8
4 2
1 2
29 1
11 1
1 6
1 1
10 1
2 1
12 1
4 29
7 1
1 4
8 3
5 4
4 24
1 10
10 2
29 32
1 22
8 34
2 4
2 1
29 1
1 11
6 1
1 1
10 1
1 2
12 1
4 29
7 1
1 4
3 8
4 13
4 16
1 10
10 2
29 32
1 22
34 8
2 4
1 2
1 29
11 1
6 1
1 1
10 1
2 1
12 1
29 4
1 7
4 1
8 3
22 3
7 3
39 1
10 2
32 29
22 1
8 34
2 4
1 2
29 1
11 1
1 6
1 1
1 10
1 2
1 12
4 29
1 7
4 1
3 8
3 22
4 7
1 32
10 2
32 29
22 1
34 8
4 2
1 2
29 1
1 11
6 1
1 1
1 10
1 2
1 12
4 29
1 7
4 1
3 8
1 29
29 3
1 10
2 10
32 29
22 1
8 34
2 4
2 1
1 29
11 1
1 6
1 1
1 10
1 2
1 12
4 29
7 1
4 1
8 3
1 29
29 2
39 1
2 10
29 32
22 1
34 8
4 2
1 2
1 29
11 1
6 1
1 1
1 10
1 2
12 1
29 4
1 7
1 4
8 3
3 14
3 15
39 1
2 10
32 29
1 22
8 34
4 2
1 2
1 29
1 11
6 1
1 1
1 10
1 2
1 12
4 29
1 7
4 1
8 3
14 3
15 4
1 24
2 10
32 29
1 22
34 8
2 4
2 1
29 1
1 11
6 1
1 1
10 1
1 2
1 12
4 29
7 1
1 4
8 3
4 29
3 1
1 7
2 10
29 32
22 1
34 8
2 4
1 2
29 1
1 11
1 6
1 1
10 1
1 2
12 1
4 29
7 1
1 4
3 8
4 29
1 2
1 8
10 2
29 32
1 22
34 8
4 2
1 2
29 1
1 11
1 6
1 1
10 1
1 2
1 12
4 29
7 1
1 4
8 3
29 4
7 1
1 3
2 10
32 29
1 22
34 8
4 2
2 1
29 1
1 11
6 1
1 1
10 1
2 1
1 12
29 4
7 1
4 1
8 3
29 4
1 5
1 5
2 10
29 32
1 22
8 34
4 2
1 2
1 29
1 11
6 1
1 1
1 10
1 2
1 12
29 4
7 1
4 1
8 3
4 29
8 1
2 1
10 2
32 29
22 1
34 8
4 2
1 2
1 29
1 11
6 1
1 1
10 1
1 2
1 12
29 4
7 1
4 1
3 8
4 29
6 1
1 4
10 2
32 29
1 22
8 34
2 4
1 2
29 1
1 11
1 6
1 1
1 10
2 1
1 12
29 4
7 1
1 4
3 8
29 4
1 9
1 1
10 2
32 29
1 22
34 8
4 2
1 2
1 29
1 11
1 6
1 1
10 1
1 2
12 1
29 4
1 7
1 4
3 8
4 29
1 1
1 9
2 10
29 32
22 1
8 34
2 4
2 1
29 1
1 11
1 6
1 1
10 1
2 1
12 1
4 29
1 7
1 4
3 8
29 4
4 1
1 6
10 2
29 32
22 1
8 34
2 4
1 2
1 29
11 1
1 6
1 1
1 10
1 2
12 1
4 29
1 7
1 4
3 8
15 4
14 4
10 1
10 2
29 32
1 22
8 34
2 4
1 2
29 1
11 1
6 1
1 1
1 10
2 1
1 12
4 29
1 7
1 4
8 3
3 2
27 4
12 1
10 2
29 32
1 22
8 34
4 2
2 1
1 29
1 11
1 6
1 1
1 10
1 2
12 1
29 4
7 1
4 1
3 8
2 3
27 3
39 1
2 10
29 32
1 22
34 8
4 2
2 1
1 29
11 1
1 6
1 1
1 10
1 2
12 1
4 29
1 7
4 1
3 8
4 2
4 27
10 1
10 2
29 32
22 1
34 8
2 4
2 1
1 29
1 11
1 6
1 1
10 1
1 2
1 12
4 29
1 7
1 4
8 3
29 2
1 29
39 1
2 10
29 32
1 22
8 34
4 2
1 2
1 29
1 11
1 6
1 1
10 1
2 1
12 1
4 29
1 7
4 1
8 3
29 2
2 29
1 10
10 2
29 32
22 1
8 34
2 4
1 2
1 29
11 1
1 6
1 1
1 10
1 2
12 1
29 4
1 7
1 4
3 8
3 11
18 3
39 1
2 10
29 32
1 22
8 34
4 2
1 2
29 1
11 1
1 6
1 1
10 1
2 1
1 12
29 4
1 7
1 4
8 3
3 11
18 4
21 1
2 10
29 32
1 22
8 34
4 2
1 2
29 1
11 1
1 6
1 1
10 1
1 2
12 1
29 4
7 1
1 4
3 8
19 4
4 10
10 1
10 2
32 29
1 22
34 8
2 4
1 2
1 29
11 1
6 1
1 1
1 10
1 2
12 1
29 4
7 1
1 4
8 3
24 3
5 4
34 1
2 10
32 29
1 22
34 8
2 4
1 2
29 1
1 11
1 6
1 1
1 10
2 1
12 1
29 4
1 7
4 1
3 8
24 3
5 3
1 39
2 10
29 32
1 22
34 8
4 2
2 1
29 1
11 1
1 6
1 1
1 10
1 2
12 1
29 4
7 1
4 1
8 3
21 3
8 3
1 39
10 2
29 32
1 22
34 8
2 4
1 2
1 29
1 11
1 6
1 1
1 10
1 2
12 1
29 4
7 1
1 4
8 3
21 3
4 8
1 31
10 2
29 32
22 1
8 34
2 4
1 2
1 29
11 1
6 1
1 1
1 10
1 2
1 12
29 4
1 7
4 1
3 8
3 8
4 21
18 1
2 10
32 29
1 22
8 34
2 4
2 1
1 29
11 1
1 6
1 1
10 1
1 2
1 12
29 4
7 1
4 1
8 3
3 8
3 21
1 39
2 10
29 32
22 1
34 8
4 2
2 1
1 29
1 11
1 6
1 1
10 1
2 1
12 1
4 29
7 1
4 1
8 3
3 6
23 4
1 16
10 2
32 29
22 1
34 8
2 4
1 2
29 1
1 11
1 6
1 1
10 1
2 1
1 12
29 4
1 7
4 1
3 8
3 6
3 23
39 1
10 2
29 32
1 22
8 34
2 4
2 1
29 1
1 11
1 6
1 1
10 1
2 1
12 1
4 29
1 7
4 1
3 8
23 4
6 4
10 1
2 10
29 32
22 1
8 34
4 2
2 1
1 29
1 11
6 1
1 1
10 1
1 2
1 12
4 29
1 7
1 4
3 8
17 3
12 4
1 27
2 10
32 29
1 22
34 8
4 2
2 1
1 29
1 11
6 1
1 1
10 1
2 1
12 1
4 29
7 1
4 1
3 8
3 17
12 3
39 1
10 2
29 32
1 22
34 8
2 4
1 2
29 1
1 11
6 1
1 1
10 1
2 1
12 1
29 4
7 1
1 4
3 8
3 7
4 22
1 17
10 2
32 29
22 1
8 34
4 2
2 1
29 1
1 11
6 1
1 1
10 1
1 2
1 12
29 4
7 1
1 4
3 8
7 3
22 3
1 39
10 2
32 29
1 22
34 8
4 2
1 2
1 29
1 11
6 1
1 1
1 10
1 2
1 12
29 4
7 1
4 1
8 3
9 4
4 20
1 10
2 10
32 29
1 22
34 8
2 4
1 2
1 29
1 11
1 6
1 1
1 10
2 1
12 1
29 4
1 7
4 1
3 8
7 4
22 4
10 1
10 2
29 32
22 1
8 34
2 4
1 2
1 29
1 11
1 6
1 1
1 10
2 1
1 12
29 4
1 7
4 1
8 3
27 3
3 2
39 1
2 10
29 32
22 1
8 34
4 2
1 2
29 1
11 1
1 6
1 1
10 1
1 2
12 1
29 4
7 1
4 1
3 8
3 27
4 2
37 1
10 2
29 32
1 22
8 34
2 4
2 1
1 29
1 11
6 1
1 1
10 1
2 1
12 1
29 4
7 1
4 1
8 3
4 27
4 2
1 10
2 10
29 32
22 1
34 8
2 4
1 2
1 29
1 11
1 6
1 1
10 1
1 2
12 1
29 4
7 1
4 1
8 3
9 3
4 20
1 19
10 2
29 32
1 22
34 8
4 2
1 2
1 29
1 11
6 1
1 1
10 1
2 1
1 12
4 29
1 7
1 4
8 3
9 3
20 3
39 1
2 10
29 32
1 22
8 34
4 2
2 1
1 29
1 11
6 1
1 1
10 1
1 2
12 1
29 4
1 7
4 1
3 6
2 3
4 29
10 1
10 2
32 29
22 1
8 34
2 4
1 2
29 1
1 11
1 6
1 1
1 10
1 2
1 12
29 4
1 7
4 1
6 3
3 2
3 29
1 39
2 10
32 29
1 22
8 34
4 2
1 2
1 29
11 1
1 6
1 1
10 1
1 2
1 12
29 4
1 7
4 1
2 4
3 6
4 29
8 1
10 2
32 29
1 22
34 8
2 4
2 1
29 1
11 1
6 1
1 1
10 1
2 1
12 1
4 29
1 7
4 1
2 4
3 6
3 29
1 37
2 10
32 29
1 22
34 8
2 4
2 1
1 29
1 11
1 6
1 1
1 10
1 2
1 12
4 29
7 1
4 1
2 4
6 4
29 4
1 2
2 10
32 29
22 1
34 8
4 2
2 1
1 29
11 1
6 1
1 1
10 1
1 2
1 12
29 4
1 7
1 4
2 4
6 4
3 29
31 1
10 2
29 32
1 22
34 8
2 4
2 1
29 1
11 1
1 6
1 1
10 1
2 1
12 1
4 29
1 7
4 1
7 3
3 1
4 29
1 10
2 10
32 29
1 22
34 8
2 4
2 1
29 1
11 1
6 1
1 1
1 10
2 1
12 1
29 4
7 1
4 1
7 3
1 3
29 3
1 39
2 10
29 32
1 22
8 34
2 4
1 2
1 29
11 1
6 1
1 1
10 1
1 2
12 1
29 4
1 7
1 4
1 8
29 3
8 3
1 31
2 10
29 32
22 1
34 8
2 4
2 1
1 29
1 11
1 6
1 1
10 1
2 1
1 12
4 29
1 7
4 1
8 1
29 3
2 8
39 1
10 2
32 29
1 22
8 34
4 2
1 2
29 1
11 1
6 1
1 1
10 1
1 2
12 1
4 29
1 7
1 4
8 1
4 29
8 2
1 10
10 2
32 29
1 22
8 34
4 2
1 2
1 29
11 1
6 1
1 1
10 1
1 2
1 12
4 29
1 7
4 1
1 8
4 29
3 8
1 2
10 2
29 32
1 22
34 8
2 4
2 1
1 29
1 11
1 6
1 1
10 1
2 1
1 12
4 29
7 1
4 1
4 1
4 7
29 4
1 2
10 2
29 32
22 1
8 34
2 4
2 1
1 29
1 11
1 6
1 1
1 10
1 2
12 1
29 4
1 7
1 4
4 1
7 4
3 29
31 1
10 2
29 32
22 1
34 8
2 4
1 2
1 29
11 1
6 1
1 1
1 10
2 1
1 12
4 29
1 7
4 1
1 4
3 7
29 4
1 9
2 10
29 32
22 1
34 8
2 4
2 1
1 29
1 11
1 6
1 1
10 1
1 2
1 12
4 29
1 7
1 4
1 4
3 7
29 3
1 38
2 10
29 32
22 1
8 34
4 2
2 1
29 1
1 11
6 1
1 1
1 10
2 1
12 1
4 29
7 1
4 1
3 2
3 6
29 4
10 1
2 10
32 29
22 1
34 8
4 2
1 2
1 29
1 11
1 6
1 1
1 10
2 1
1 12
4 29
7 1
4 1
2 3
6 3
29 3
39 1
10 2
29 32
22 1
34 8
2 4
1 2
29 1
11 1
6 1
1 1
1 10
1 2
1 12
4 29
7 1
1 4
4 4
3 4
29 3
1 35
10 2
29 32
1 22
34 8
2 4
2 1
1 29
11 1
1 6
1 1
1 10
1 2
12 1
4 29
1 7
1 4
4 4
3 4
4 29
6 1
2 10
32 29
1 22
34 8
4 2
1 2
1 29
11 1
6 1
1 1
10 1
1 2
12 1
4 29
1 7
1 4
4 4
4 4
29 4
2 1
2 10
32 29
22 1
34 8
2 4
2 1
29 1
11 1
6 1
1 1
1 10
2 1
12 1
4 29
1 7
4 1
4 4
4 4
29 3
31 1
2 10
32 29
22 1
34 8
2 4
1 2
29 1
1 11
6 1
1 1
1 10
1 2
1 12
29 4
7 1
4 1
4 3
4 3
29 3
39 1
10 2
32 29
1 22
34 8
2 4
2 1
1 29
11 1
1 6
1 1
10 1
2 1
12 1
29 4
1 7
4 1
4 3
3 4
4 29
10 1
2 10
32 29
22 1
34 8
2 4
2 1
29 1
11 1
1 6
1 1
1 10
1 2
1 12
29 4
7 1
4 1
3 5
3 3
29 4
1 10
10 2
29 32
1 22
8 34
4 2
2 1
29 1
11 1
6 1
1 1
1 10
2 1
12 1
4 29
7 1
4 1
3 5
3 3
3 29
39 1
2 10
32 29
22 1
34 8
2 4
2 1
1 29
11 1
1 6
1 1
1 10
1 2
12 1
4 29
7 1
1 4
5 4
3 3
29 4
5 1
2 10
29 32
22 1
34 8
4 2
1 2
1 29
11 1
6 1
1 1
10 1
2 1
12 1
4 29
7 1
1 4
4 5
3 3
3 29
34 1
10 2
32 29
1 22
34 8
4 2
2 1
29 1
1 11
6 1
1 1
10 1
2 1
12 1
4 29
1 7
1 4
5 4
3 4
29 4
1 2
2 10
32 29
22 1
34 8
2 4
2 1
1 29
11 1
1 6
1 1
1 10
1 2
1 12
29 4
1 7
4 1
4 5
4 3
29 3
31 1
10 2
32 29
22 1
8 34
2 4
1 2
29 1
11 1
6 1
1 1
1 10
1 2
1 12
29 4
1 7
4 1
8 2
4 29
2 8
1 2
2 10
29 32
22 1
34 8
2 4
1 2
29 1
11 1
6 1
1 1
1 10
2 1
12 1
4 29
1 7
1 4
8 2
4 29
1 8
10 1
2 10
29 32
1 22
8 34
4 2
1 2
29 1
1 11
6 1
1 1
10 1
2 1
1 12
29 4
7 1
1 4
8 2
3 29
8 1
1 39
2 10
29 32
1 22
34 8
4 2
1 2
29 1
1 11
1 6
1 1
10 1
1 2
1 12
29 4
1 7
4 1
2 8
3 29
8 2
31 1
2 10
32 29
1 22
8 34
4 2
2 1
29 1
1 11
6 1
1 1
10 1
1 2
12 1
29 4
1 7
1 4
4 6
2 3
29 4
1 4
2 10
29 32
1 22
8 34
2 4
1 2
29 1
1 11
1 6
1 1
10 1
1 2
1 12
29 4
1 7
4 1
6 4
3 2
3 29
1 33
10 2
29 32
1 22
8 34
2 4
1 2
1 29
1 11
1 6
1 1
10 1
2 1
12 1
29 4
1 7
4 1
6 4
2 4
29 3
31 1
10 2
32 29
1 22
8 34
2 4
2 1
29 1
1 11
6 1
1 1
10 1
1 2
1 12
29 4
1 7
1 4
6 4
2 4
4 29
1 2
2 10
32 29
22 1
8 34
4 2
2 1
29 1
1 11
6 1
1 1
10 1
2 1
1 12
4 29
1 7
1 4
4 7
3 1
29 3
32 1
10 2
29 32
22 1
34 8
2 4
2 1
29 1
1 11
6 1
1 1
10 1
1 2
1 12
29 4
1 7
1 4
7 4
3 1
4 29
3 1
10 2
29 32
1 22
34 8
4 2
1 2
1 29
11 1
6 1
1 1
10 1
1 2
12 1
29 4
1 7
1 4
7 4
1 4
3 29
1 31
10 2
32 29
1 22
34 8
4 2
1 2
1 29
11 1
1 6
1 1
1 10
1 2
12 1
4 29
1 7
4 1
4 7
4 1
29 4
2 1
10 2
32 29
1 22
34 8
2 4
2 1
1 29
1 11
1 6
1 1
10 1
1 2
1 12
29 4
7 1
4 1
3 3
5 3
29 3
39 1
10 2
29 32
22 1
34 8
4 2
2 1
29 1
11 1
6 1
1 1
1 10
2 1
1 12
29 4
1 7
1 4
3 3
3 5
4 29
10 1
2 10
32 29
22 1
8 34
4 2
1 2
1 29
11 1
6 1
1 1
1 10
1 2
12 1
29 4
1 7
4 1
4 8
9 3
3 20
31 1
10 2
32 29
1 22
8 34
2 4
1 2
1 29
1 11
1 6
1 1
10 1
2 1
1 12
4 29
7 1
1 4
8 4
3 9
20 4
1 11
2 10
32 29
1 22
34 8
4 2
1 2
29 1
11 1
6 1
1 1
1 10
2 1
1 12
29 4
7 1
1 4
4 8
3 17
12 3
31 1
2 10
32 29
1 22
8 34
4 2
2 1
1 29
1 11
1 6
1 1
10 1
2 1
1 12
29 4
7 1
1 4
4 8
17 3
12 4
1 19
2 10
32 29
22 1
34 8
2 4
1 2
29 1
11 1
1 6
1 1
1 10
2 1
12 1
4 29
7 1
4 1
4 8
3 20
9 3
1 31
2 10
29 32
22 1
34 8
4 2
1 2
1 29
11 1
6 1
1 1
1 10
2 1
1 12
4 29
7 1
4 1
8 4
20 3
9 4
22 1
2 10
29 32
1 22
8 34
2 4
2 1
29 1
1 11
6 1
1 1
1 10
1 2
12 1
4 29
7 1
4 1
8 4
25 3
3 4
31 1
2 10
29 32
1 22
8 34
4 2
1 2
1 29
1 11
6 1
1 1
10 1
2 1
1 12
29 4
1 7
4 1
4 8
3 25
4 4
27 1
2 10
32 29
1 22
8 34
4 2
1 2
29 1
1 11
1 6
1 1
1 10
2 1
12 1
29 4
1 7
4 1
4 8
4 3
25 4
1 6
10 2
29 32
1 22
8 34
2 4
1 2
1 29
11 1
6 1
1 1
10 1
2 1
1 12
29 4
1 7
1 4
8 4
3 4
25 3
1 31
10 2
32 29
22 1
34 8
2 4
2 1
1 29
1 11
1 6
1 1
10 1
1 2
12 1
29 4
1 7
1 4
8 4
21 4
8 4
1 2
2 10
29 32
22 1
8 34
2 4
1 2
29 1
11 1
6 1
1 1
1 10
1 2
1 12
29 4
1 7
1 4
8 4
4 27
2 4
1 2
10 2
29 32
1 22
8 34
4 2
1 2
1 29
1 11
1 6
1 1
1 10
1 2
1 12
29 4
1 7
1 4
8 4
3 16
3 13
31 1
2 10
32 29
22 1
8 34
2 4
2 1
29 1
11 1
6 1
1 1
10 1
2 1
12 1
4 29
1 7
1 4
4 8
16 3
4 13
18 1
2 10
29 32
1 22
34 8
2 4
1 2
1 29
1 11
6 1
1 1
1 10
1 2
1 12
29 4
1 7
4 1
4 8
4 16
13 4
2 1
10 2
29 32
22 1
8 34
2 4
1 2
1 29
11 1
6 1
1 1
10 1
1 2
1 12
4 29
1 7
4 1
4 8
3 15
4 14
1 17
2 10
29 32
22 1
8 34
2 4
1 2
29 1
11 1
1 6
1 1
10 1
1 2
1 12
29 4
1 7
4 1
4 8
3 15
3 14
31 1
10 2
29 32
1 22
34 8
4 2
1 2
1 29
11 1
1 6
1 1
1 10
2 1
12 1
29 4
7 1
1 4
8 4
3 3
26 4
1 5
10 2
29 32
1 22
8 34
4 2
2 1
29 1
11 1
1 6
1 1
1 10
1 2
12 1
29 4
1 7
4 1
4 8
3 3
26 3
31 1
10 2
29 32
22 1
34 8
2 4
2 1
29 1
11 1
6 1
1 1
1 10
1 2
1 12
29 4
7 1
4 1
8 4
3 26
3 4
1 28
2 10
32 29
1 22
8 34
2 4
2 1
1 29
11 1
6 1
1 1
10 1
1 2
12 1
29 4
1 7
4 1
8 4
3 26
3 3
31 1
10 2
32 29
22 1
8 34
2 4
1 2
29 1
1 11
1 6
1 1
1 10
1 2
12 1
29 4
1 7
1 4
8 4
4 17
4 12
2 1
2 10
29 32
1 22
8 34
4 2
2 1
1 29
1 11
6 1
1 1
10 1
1 2
12 1
4 29
7 1
1 4
8 4
2 29
2 29
2 1
2 10
32 29
1 22
34 8
2 4
1 2
29 1
11 1
6 1
1 1
1 10
2 1
1 12
4 29
1 7
1 4
4 8
29 2
29 1
31 1
2 10
29 32
22 1
8 34
2 4
1 2
29 1
1 11
6 1
1 1
10 1
1 2
1 12
4 29
7 1
4 1
8 4
4 22
4 7
1 2
10 2
29 32
22 1
34 8
4 2
1 2
29 1
1 11
6 1
1 1
1 10
1 2
12 1
29 4
7 1
4 1
4 8
6 4
4 23
2 1
10 2
32 29
22 1
8 34
4 2
1 2
29 1
1 11
6 1
1 1
1 10
2 1
1 12
4 29
7 1
4 1
8 4
3 23
4 6
1 25
2 10
32 29
1 22
34 8
4 2
1 2
1 29
1 11
1 6
1 1
1 10
2 1
12 1
4 29
1 7
4 1
4 8
3 23
6 3
1 31
10 2
29 32
1 22
34 8
4 2
2 1
1 29
1 11
6 1
1 1
10 1
1 2
12 1
29 4
1 7
1 4
4 8
8 3
21 4
1 10
2 10
32 29
1 22
8 34
4 2
2 1
1 29
11 1
6 1
1 1
1 10
2 1
1 12
29 4
1 7
1 4
8 4
8 3
21 3
31 1
2 10
29 32
22 1
34 8
2 4
2 1
29 1
1 11
1 6
1 1
10 1
2 1
12 1
4 29
7 1
1 4
4 8
3 19
4 10
21 1
2 10
32 29
22 1
34 8
4 2
2 1
29 1
11 1
6 1
1 1
1 10
1 2
12 1
29 4
7 1
4 1
4 8
19 3
3 10
1 31
10 2
29 32
22 1
34 8
4 2
2 1
1 29
1 11
6 1
1 1
10 1
2 1
1 12
29 4
7 1
1 4
8 4
4 24
4 5
2 1
2 10
29 32
1 22
34 8
2 4
1 2
1 29
1 11
1 6
1 1
1 10
1 2
1 12
4 29
7 1
1 4
8 4
4 12
4 17
2 1
10 2
29 32
22 1
34 8
4 2
2 1
1 29
11 1
1 6
1 1
1 10
1 2
12 1
4 29
1 7
1 4
8 4
6 3
4 23
1 8
10 2
32 29
22 1
8 34
4 2
1 2
1 29
11 1
1 6
1 1
10 1
1 2
12 1
4 29
1 7
1 4
8 4
3 6
3 23
1 31
2 10
29 32
1 22
34 8
4 2
1 2
1 29
1 11
1 6
1 1
1 10
1 2
1 12
29 4
1 7
1 4
4 8
4 23
4 6
1 2
2 10
32 29
1 22
34 8
2 4
1 2
1 29
1 11
6 1
1 1
10 1
2 1
1 12
29 4
1 7
1 4
8 4
4 26
4 3
2 1
2 10
29 32
22 1
8 34
2 4
2 1
1 29
11 1
6 1
1 1
10 1
2 1
1 12
4 29
1 7
4 1
4 8
15 4
4 14
2 1
10 2
32 29
1 22
8 34
4 2
1 2
29 1
11 1
6 1
1 1
1 10
2 1
12 1
4 29
1 7
1 4
4 8
4 14
4 15
2 1
10 2
29 32
22 1
8 34
2 4
2 1
1 29
11 1
6 1
1 1
10 1
1 2
1 12
4 29
1 7
1 4
4 8
20 4
4 9
1 2
10 2
32 29
22 1
34 8
4 2
2 1
29 1
1 11
6 1
1 1
10 1
1 2
12 1
29 4
1 7
4 1
8 4
3 18
11 4
20 1
2 10
32 29
22 1
34 8
4 2
1 2
1 29
1 11
6 1
1 1
1 10
2 1
1 12
29 4
1 7
4 1
4 8
3 18
3 11
1 31
2 10
29 32
22 1
8 34
2 4
2 1
29 1
1 11
6 1
1 1
1 10
2 1
1 12
29 4
1 7
1 4
4 8
25 4
4 4
1 2
2 10
29 32
1 22
8 34
2 4
1 2
29 1
11 1
1 6
1 1
10 1
2 1
1 12
4 29
7 1
4 1
4 8
3 21
3 8
31 1
2 10
29 32
22 1
34 8
4 2
1 2
1 29
1 11
6 1
1 1
1 10
1 2
1 12
29 4
7 1
4 1
8 4
3 21
4 8
1 23
2 10
32 29
22 1
34 8
2 4
2 1
1 29
11 1
6 1
1 1
1 10
1 2
1 12
29 4
7 1
1 4
8 4
27 3
3 2
31 1
2 10
32 29
22 1
8 34
4 2
1 2
1 29
1 11
6 1
1 1
10 1
1 2
1 12
29 4
7 1
4 1
8 4
27 3
2 4
1 29
2 10
32 29
1 22
34 8
4 2
2 1
1 29
11 1
6 1
1 1
10 1
2 1
1 12
4 29
7 1
4 1
8 4
3 10
19 4
12 1
2 10
29 32
22 1
34 8
4 2
1 2
1 29
1 11
6 1
1 1
10 1
1 2
1 12
29 4
1 7
1 4
4 8
3 10
3 19
31 1
2 10
32 29
22 1
8 34
4 2
1 2
1 29
1 11
6 1
1 1
10 1
1 2
12 1
4 29
7 1
4 1
4 8
4 7
22 4
1 2
2 10
29 32
1 22
34 8
2 4
1 2
1 29
1 11
1 6
1 1
1 10
2 1
12 1
29 4
7 1
4 1
8 4
7 3
3 22
1 31
2 10
29 32
22 1
34 8
2 4
2 1
29 1
11 1
6 1
1 1
10 1
2 1
1 12
29 4
7 1
4 1
4 8
7 3
22 4
9 1
2 10
29 32
1 22
34 8
4 2
2 1
29 1
11 1
1 6
1 1
1 10
2 1
1 12
29 4
7 1
4 1
8 4
4 9
20 4
1 2
10 2
29 32
1 22
34 8
4 2
1 2
1 29
11 1
6 1
1 1
10 1
1 2
12 1
4 29
7 1
4 1
8 4
1 4
28 4
2 1
10 2
29 32
1 22
8 34
2 4
2 1
29 1
1 11
6 1
1 1
1 10
2 1
12 1
29 4
7 1
1 4
4 8
5 4
24 4
2 1
10 2
29 32
22 1
34 8
2 4
1 2
29 1
1 11
6 1
1 1
1 10
1 2
12 1
29 4
7 1
4 1
4 8
4 29
1 1
1 1
10 2
29 32
22 1
34 8
2 4
2 1
1 29
11 1
6 1
1 1
10 1
1 2
1 12
4 29
7 1
4 1
8 4
3 22
3 7
1 31
10 2
29 32
1 22
8 34
4 2
1 2
29 1
11 1
1 6
1 1
1 10
2 1
12 1
29 4
1 7
1 4
4 8
3 22
7 4
24 1
10 2
29 32
22 1
8 34
4 2
1 2
29 1
1 11
1 6
1 1
10 1
1 2
1 12
4 29
1 7
4 1
8 4
11 4
4 18
1 2
2 10
29 32
1 22
8 34
2 4
1 2
29 1
11 1
6 1
1 1
10 1
1 2
1 12
29 4
7 1
1 4
4 8
3 2
3 27
1 31
2 10
29 32
1 22
34 8
2 4
1 2
1 29
11 1
6 1
1 1
10 1
1 2
12 1
29 4
7 1
4 1
4 8
2 3
4 27
1 4
2 10
29 32
1 22
8 34
4 2
1 2
1 29
1 11
1 6
1 1
1 10
2 1
1 12
4 29
1 7
4 1
8 4
18 4
4 11
2 1
2 10
32 29
1 22
8 34
4 2
1 2
1 29
11 1
6 1
1 1
1 10
2 1
1 12
29 4
7 1
4 1
8 4
3 12
17 3
1 31
2 10
29 32
1 22
8 34
2 4
1 2
29 1
1 11
6 1
1 1
10 1
2 1
12 1
4 29
1 7
1 4
4 8
3 12
17 4
14 1
2 10
29 32
1 22
34 8
2 4
1 2
1 29
1 11
1 6
1 1
10 1
1 2
12 1
29 4
1 7
1 4
4 8
24 3
5 4
1 26
2 10
32 29
22 1
8 34
4 2
2 1
29 1
1 11
1 6
1 1
10 1
1 2
12 1
29 4
1 7
4 1
4 8
24 3
5 3
31 1
2 10
32 29
22 1
34 8
4 2
2 1
1 29
1 11
6 1
1 1
10 1
2 1
12 1
29 4
7 1
1 4
4 8
29 1
29 2
1 31
2 10
32 29
22 1
8 34
4 2
1 2
1 29
1 11
6 1
1 1
10 1
1 2
1 12
29 4
1 7
1 4
4 8
1 29
29 3
2 1
2 10
29 32
1 22
34 8
2 4
1 2
29 1
1 11
6 1
1 1
10 1
2 1
1 12
29 4
1 7
4 1
4 8
4 8
4 21
2 1
10 2
29 32
1 22
8 34
2 4
2 1
1 29
1 11
6 1
1 1
10 1
2 1
1 12
4 29
1 7
1 4
8 4
3 5
24 3
1 31
2 10
32 29
1 22
34 8
2 4
1 2
29 1
11 1
1 6
1 1
10 1
1 2
1 12
4 29
7 1
4 1
4 8
3 5
4 24
1 7
10 2
29 32
22 1
8 34
2 4
2 1
29 1
1 11
1 6
1 1
1 10
1 2
12 1
29 4
7 1
1 4
8 4
3 4
26 4
2 1
10 2
29 32
1 22
34 8
2 4
1 2
1 29
11 1
1 6
1 1
1 10
1 2
12 1
4 29
1 7
1 4
8 4
4 4
4 25
2 1
10 2
32 29
22 1
8 34
2 4
1 2
29 1
1 11
1 6
1 1
10 1
2 1
12 1
29 4
7 1
1 4
4 8
3 13
16 4
15 1
10 2
32 29
1 22
34 8
2 4
1 2
1 29
1 11
6 1
1 1
10 1
1 2
12 1
4 29
1 7
1 4
4 8
3 13
3 16
31 1
2 10
32 29
22 1
8 34
2 4
2 1
1 29
1 11
1 6
1 1
10 1
2 1
12 1
4 29
1 7
1 4
8 4
4 13
16 4
1 2
2 10
32 29
22 1
8 34
2 4
1 2
1 29
1 11
6 1
1 1
10 1
1 2
1 12
4 29
1 7
1 4
8 4
4 28
1 4
2 1
2 10
29 32
22 1
34 8
2 4
1 2
1 29
11 1
1 6
1 1
10 1
1 2
12 1
4 29
1 7
4 1
4 8
3 28
1 3
1 31
10 2
32 29
22 1
34 8
4 2
1 2
29 1
1 11
6 1
1 1
10 1
2 1
1 12
29 4
7 1
1 4
4 8
3 28
4 1
30 1
2 10
32 29
22 1
34 8
2 4
2 1
1 29
1 11
6 1
1 1
10 1
1 2
12 1
29 4
7 1
4 1
8 4
10 4
19 4
1 2
2 10
32 29
22 1
34 8
2 4
2 1
29 1
1 11
6 1
1 1
10 1
1 2
12 1
4 29
1 7
4 1
8 4
14 3
3 15
31 1
2 10
32 29
1 22
8 34
2 4
2 1
1 29
11 1
1 6
1 1
10 1
1 2
12 1
4 29
7 1
4 1
8 4
3 14
4 15
16 1
2 10
32 29
1 22
8 34
2 4
2 1
1 29
1 11
1 6
1 1
1 10
1 2
12 1
4 29
1 7
1 4
8 4
2 4
4 27
2 1
10 2
32 29
22 1
8 34
4 2
1 2
29 1
1 11
6 1
1 1
1 10
1 2
12 1
29 4
7 1
4 1
4 8
11 3
18 3
1 31
2 10
29 32
22 1
8 34
2 4
2 1
1 29
11 1
1 6
1 1
1 10
2 1
12 1
29 4
1 7
1 4
4 8
3 11
4 18
1 13
10 2
29 32
1 22
34 8
2 4
1 2
1 29
11 1
6 1
1 1
10 1
1 2
12 1
29 4
7 1
1 4
4 8
3 1
4 28
3 1
10 2
29 32
22 1
34 8
4 2
2 1
29 1
1 11
6 1
1 1
10 1
2 1
12 1
29 4
1 7
4 1
8 4
3 1
3 28
1 31
2 10
29 32
22 1
34 8
2 4
1 2
1 29
11 1
1 6
1 1
10 1
1 2
12 1
29 4
1 7
1 4
8 4
19 4
10 4
1 2
10 2
32 29
1 22
34 8
2 4
1 2
1 29
1 11
1 6
1 1
1 10
1 2
12 1
29 4
1 7
1 4
4 8
29 3
30 1
1 1
10 2
29 32
1 22
8 34
4 2
2 1
1 29
11 1
1 6
1 1
10 1
1 2
12 1
29 4
7 1
1 4
8 4
29 3
1 1
1 30
2 10
32 29
1 22
34 8
2 4
2 1
1 29
1 11
6 1
1 1
1 10
2 1
12 1
4 29
1 7
1 4
4 8
29 3
1 5
1 26
2 10
29 32
22 1
8 34
2 4
2 1
1 29
1 11
1 6
1 1
10 1
2 1
1 12
4 29
1 7
4 1
8 4
3 29
3 1
1 28
2 10
29 32
1 22
8 34
2 4
2 1
1 29
11 1
1 6
1 1
10 1
2 1
12 1
29 4
1 7
1 4
4 8
3 29
1 22
9 1
10 2
29 32
22 1
8 34
4 2
1 2
1 29
1 11
1 6
1 1
1 10
1 2
12 1
4 29
1 7
4 1
8 4
29 3
15 1
16 1
10 2
32 29
22 1
34 8
2 4
1 2
1 29
11 1
1 6
1 1
1 10
1 2
12 1
29 4
1 7
1 4
8 4
29 3
20 1
1 11
2 10
29 32
1 22
8 34
4 2
2 1
29 1
11 1
6 1
1 1
1 10
1 2
1 12
4 29
1 7
4 1
8 4
3 29
29 1
2 1
10 2
32 29
1 22
34 8
2 4
1 2
29 1
1 11
1 6
1 1
1 10
1 2
12 1
29 4
7 1
4 1
4 8
3 29
1 17
14 1
10 2
32 29
22 1
8 34
4 2
2 1
1 29
11 1
6 1
1 1
1 10
2 1
12 1
4 29
1 7
4 1
4 8
3 29
1 27
4 1
10 2
32 29
22 1
8 34
4 2
1 2
1 29
11 1
1 6
1 1
1 10
2 1
12 1
4 29
1 7
4 1
4 8
29 3
1 7
1 24
2 10
32 29
1 22
34 8
4 2
1 2
1 29
1 11
1 6
1 1
1 10
2 1
12 1
4 29
7 1
4 1
4 8
3 29
1 18
13 1
10 2
29 32
22 1
8 34
4 2
2 1
29 1
1 11
6 1
1 1
1 10
1 2
1 12
4 29
7 1
1 4
4 8
29 3
13 1
18 1
10 2
32 29
1 22
8 34
4 2
2 1
1 29
1 11
1 6
1 1
1 10
1 2
12 1
4 29
1 7
4 1
4 8
3 29
16 1
1 15
10 2
29 32
22 1
8 34
2 4
1 2
29 1
11 1
1 6
1 1
1 10
1 2
12 1
4 29
7 1
1 4
4 8
3 29
1 4
27 1
2 10
32 29
22 1
8 34
4 2
1 2
1 29
11 1
1 6
1 1
1 10
2 1
1 12
29 4
1 7
1 4
8 4
29 3
1 10
21 1
10 2
32 29
22 1
8 34
4 2
1 2
29 1
1 11
1 6
1 1
10 1
2 1
1 12
4 29
1 7
4 1
4 8
29 3
1 14
1 17
10 2
32 29
22 1
34 8
4 2
1 2
29 1
1 11
6 1
1 1
10 1
1 2
12 1
4 29
7 1
1 4
8 4
29 3
1 21
10 1
10 2
32 29
1 22
8 34
2 4
2 1
29 1
1 11
6 1
1 1
10 1
1 2
12 1
4 29
7 1
1 4
8 4
29 3
1 6
25 1
2 10
32 29
22 1
8 34
2 4
1 2
1 29
1 11
6 1
1 1
1 10
2 1
12 1
4 29
1 7
4 1
8 4
29 3
24 1
1 7
2 10
29 32
22 1
34 8
2 4
2 1
29 1
11 1
1 6
1 1
10 1
2 1
12 1
29 4
1 7
1 4
8 4
29 3
1 26
1 5
10 2
29 32
1 22
34 8
2 4
2 1
1 29
11 1
1 6
1 1
10 1
2 1
12 1
4 29
7 1
1 4
8 4
3 29
1 25
1 6
10 2
29 32
22 1
8 34
2 4
1 2
1 29
11 1
1 6
1 1
1 10
2 1
1 12
4 29
7 1
4 1
8 4
3 29
2 1
29 1
2 10
29 32
1 22
34 8
2 4
1 2
1 29
11 1
1 6
1 1
10 1
2 1
1 12
29 4
7 1
4 1
8 4
29 3
9 1
1 22
2 10
29 32
1 22
8 34
2 4
2 1
1 29
11 1
1 6
1 1
1 10
2 1
1 12
29 4
7 1
1 4
4 8
3 29
12 1
1 19
10 2
29 32
1 22
8 34
4 2
2 1
29 1
1 11
1 6
1 1
1 10
2 1
12 1
29 4
7 1
1 4
4 8
29 3
1 19
12 1
10 2
32 29
1 22
34 8
4 2
2 1
29 1
11 1
6 1
1 1
10 1
1 2
12 1
4 29
1 7
4 1
8 4
3 29
28 1
3 1
10 2
32 29
1 22
34 8
2 4
1 2
29 1
1 11
6 1
1 1
1 10
2 1
1 12
29 4
7 1
4 1
8 4
3 29
1 11
20 1
10 2
32 29
1 22
34 8
2 4
1 2
29 1
1 11
6 1
1 1
1 10
2 1
12 1
29 4
7 1
1 4
4 8
3 29
1 23
8 1
10 2
29 32
1 22
34 8
2 4
1 2
1 29
1 11
1 6
1 1
10 1
1 2
1 12
29 4
7 1
4 1
4 8
3 29
8 1
23 1
2 10
29 32
22 1
8 34
2 4
2 1
29 1
11 1
6 1
1 1
10 1
2 1
1 12
4 29
7 1
4 1
3 4
3 5
3 29
1 36
10 2
29 32
22 1
34 8
2 4
2 1
1 29
11 1
1 6
1 1
1 10
1 2
1 12
29 4
1 7
1 4
4 3
5 3
29 4
7 1
2 10
32 29
1 22
34 8
4 2
2 1
29 1
11 1
1 6
1 1
1 10
2 1
12 1
4 29
1 7
4 1
4 3
4 5
29 4
2 1
10 2
32 29
22 1
34 8
4 2
2 1
29 1
1 11
6 1
1 1
10 1
2 1
12 1
4 29
1 7
4 1
4 3
4 5
3 29
31 1
10 2
29 32
22 1
8 34
2 4
2 1
1 29
11 1
6 1
1 1
10 1
1 2
1 12
4 29
7 1
1 5
4 1
7 4
4 29
1 1
2 10
29 32
1 22
34 8
4 2
1 2
29 1
1 11
6 1
1 1
1 10
2 1
1 12
4 29
7 1
5 1
4 1
7 3
4 29
8 1
2 10
29 32
22 1
8 34
2 4
1 2
1 29
1 11
1 6
1 1
10 1
1 2
12 1
29 4
7 1
1 5
4 6
2 4
29 4
1 1
10 2
29 32
22 1
34 8
2 4
2 1
29 1
11 1
1 6
1 1
1 10
2 1
1 12
4 29
7 1
1 5
4 6
3 2
4 29
3 1
10 2
32 29
1 22
8 34
4 2
2 1
29 1
11 1
6 1
1 1
10 1
2 1
12 1
29 4
7 1
5 1
3 4
4 3
4 29
1 9
10 2
29 32
22 1
34 8
2 4
2 1
29 1
1 11
1 6
1 1
1 10
1 2
1 12
29 4
1 7
5 1
4 4
4 4
4 29
1 1
2 10
32 29
22 1
34 8
2 4
2 1
29 1
1 11
1 6
1 1
10 1
1 2
1 12
29 4
1 7
1 5
4 4
4 3
29 4
1 5
10 2
29 32
22 1
34 8
4 2
2 1
29 1
1 11
6 1
1 1
10 1
2 1
12 1
29 4
1 7
1 5
3 3
5 3
29 4
1 9
10 2
29 32
22 1
34 8
2 4
1 2
1 29
1 11
6 1
1 1
1 10
1 2
12 1
29 4
7 1
1 5
5 3
3 3
4 29
9 1
2 10
29 32
22 1
8 34
4 2
2 1
1 29
1 11
6 1
1 1
10 1
2 1
12 1
4 29
7 1
5 1
2 8
4 29
1 8
9 1
2 10
29 32
22 1
8 34
4 2
1 2
1 29
1 11
1 6
1 1
1 10
1 2
12 1
4 29
7 1
5 1
2 8
29 4
8 2
1 1
10 2
29 32
22 1
34 8
4 2
1 2
1 29
1 11
1 6
1 1
1 10
1 2
12 1
29 4
1 7
1 5
7 4
1 3
4 29
2 1
2 10
29 32
1 22
34 8
4 2
2 1
29 1
11 1
1 6
1 1
1 10
2 1
1 12
4 29
1 7
5 1
4 7
4 1
4 29
1 1
2 10
32 29
22 1
34 8
2 4
2 1
29 1
1 11
1 6
1 1
10 1
2 1
12 1
4 29
7 1
1 5
4 2
6 3
29 4
1 7
2 10
32 29
1 22
8 34
4 2
2 1
1 29
1 11
1 6
1 1
1 10
2 1
12 1
4 29
1 7
1 5
2 4
4 6
4 29
1 1
2 10
32 29
22 1
8 34
4 2
1 2
1 29
1 11
1 6
1 1
10 1
2 1
12 1
29 4
1 7
1 5
1 3
7 3
4 29
1 9
2 10
29 32
22 1
34 8
4 2
2 1
1 29
1 11
6 1
1 1
1 10
2 1
1 12
4 29
7 1
1 5
8 3
2 29
29 2
9 1
2 10
29 32
1 22
8 34
2 4
2 1
29 1
1 11
6 1
1 1
1 10
2 1
12 1
4 29
7 1
1 5
3 8
4 16
4 13
9 1
10 2
32 29
1 22
34 8
2 4
2 1
29 1
11 1
6 1
1 1
10 1
2 1
1 12
29 4
7 1
1 5
8 3
4 10
19 4
1 9
2 10
29 32
1 22
34 8
2 4
1 2
1 29
11 1
6 1
1 1
10 1
1 2
1 12
29 4
1 7
5 1
8 3
17 4
4 12
9 1
10 2
29 32
22 1
34 8
2 4
1 2
29 1
11 1
1 6
1 1
10 1
2 1
12 1
4 29
7 1
1 5
8 3
11 4
18 4
1 9
10 2
29 32
22 1
34 8
2 4
1 2
1 29
1 11
1 6
1 1
1 10
2 1
12 1
29 4
7 1
5 1
8 3
20 4
9 4
1 9
2 10
32 29
1 22
34 8
4 2
1 2
29 1
11 1
1 6
1 1
1 10
2 1
12 1
4 29
1 7
5 1
8 3
24 4
5 4
1 9
10 2
32 29
22 1
8 34
2 4
2 1
29 1
1 11
1 6
1 1
1 10
1 2
1 12
29 4
7 1
5 1
8 3
4 3
26 4
1 9
2 10
32 29
1 22
8 34
4 2
2 1
29 1
11 1
1 6
1 1
10 1
2 1
12 1
29 4
7 1
1 5
3 8
4 8
4 21
1 9
2 10
32 29
1 22
34 8
4 2
1 2
29 1
1 11
6 1
1 1
10 1
1 2
12 1
29 4
7 1
1 5
8 3
4 13
4 16
1 9
10 2
32 29
22 1
8 34
2 4
2 1
1 29
1 11
1 6
1 1
1 10
2 1
1 12
29 4
7 1
5 1
8 3
4 15
4 14
9 1
10 2
32 29
1 22
34 8
2 4
1 2
29 1
1 11
6 1
1 1
10 1
1 2
1 12
4 29
1 7
5 1
8 3
4 25
4 4
9 1
2 10
29 32
1 22
34 8
4 2
2 1
1 29
11 1
6 1
1 1
10 1
2 1
1 12
4 29
7 1
1 5
3 8
27 4
2 4
1 9
2 10
29 32
1 22
34 8
2 4
1 2
29 1
1 11
6 1
1 1
1 10
2 1
1 12
29 4
7 1
1 5
3 8
4 4
4 25
1 9
10 2
29 32
22 1
34 8
4 2
1 2
29 1
11 1
1 6
1 1
10 1
1 2
1 12
4 29
7 1
1 5
8 3
29 3
9 1
1 29
2 10
32 29
22 1
34 8
4 2
1 2
1 29
1 11
6 1
1 1
1 10
1 2
12 1
29 4
7 1
5 1
8 3
14 4
4 15
1 9
2 10
32 29
1 22
8 34
4 2
1 2
29 1
1 11
1 6
1 1
1 10
2 1
1 12
29 4
7 1
5 1
3 8
28 4
4 1
9 1
2 10
29 32
22 1
34 8
2 4
2 1
1 29
11 1
1 6
1 1
10 1
2 1
1 12
4 29
7 1
1 5
8 3
4 5
24 4
1 9
10 2
29 32
22 1
34 8
2 4
2 1
1 29
11 1
6 1
1 1
10 1
2 1
12 1
4 29
1 7
5 1
3 8
4 2
27 4
1 9
2 10
32 29
22 1
34 8
2 4
2 1
29 1
11 1
1 6
1 1
1 10
1 2
1 12
29 4
7 1
1 5
3 8
23 4
6 4
9 1
10 2
29 32
1 22
8 34
2 4
2 1
29 1
11 1
1 6
1 1
10 1
1 2
1 12
29 4
1 7
1 5
8 3
1 29
29 3
1 9
10 2
32 29
22 1
34 8
2 4
2 1
29 1
11 1
6 1
1 1
10 1
2 1
1 12
29 4
1 7
1 5
3 8
21 4
8 4
9 1
10 2
32 29
1 22
8 34
2 4
1 2
1 29
1 11
1 6
1 1
1 10
2 1
1 12
29 4
1 7
5 1
8 3
18 4
4 11
9 1
10 2
32 29
1 22
34 8
4 2
1 2
1 29
1 11
6 1
1 1
10 1
2 1
1 12
4 29
7 1
1 5
3 8
4 6
4 23
9 1
2 10
29 32
1 22
34 8
2 4
2 1
1 29
11 1
6 1
1 1
1 10
2 1
1 12
4 29
1 7
5 1
8 3
22 4
7 4
1 9
10 2
29 32
1 22
8 34
4 2
2 1
29 1
11 1
6 1
1 1
10 1
1 2
1 12
29 4
7 1
1 5
3 8
4 9
4 20
9 1
10 2
29 32
1 22
34 8
2 4
2 1
29 1
11 1
1 6
1 1
1 10
2 1
1 12
29 4
1 7
1 5
3 8
4 7
22 4
1 9
10 2
32 29
22 1
34 8
4 2
1 2
29 1
1 11
6 1
1 1
10 1
2 1
12 1
4 29
7 1
1 5
3 8
12 4
4 17
9 1
2 10
32 29
22 1
34 8
4 2
2 1
1 29
1 11
1 6
1 1
1 10
2 1
1 12
4 29
1 7
1 5
3 8
4 26
3 4
1 9
10 2
29 32
1 22
34 8
4 2
1 2
1 29
11 1
1 6
1 1
1 10
1 2
1 12
4 29
1 7
5 1
3 8
19 4
4 10
1 9
2 10
32 29
1 22
34 8
4 2
2 1
1 29
11 1
1 6
1 1
1 10
2 1
1 12
4 29
7 1
1 5
3 8
4 29
1 2
1 7
2 10
32 29
22 1
8 34
2 4
1 2
29 1
1 11
1 6
1 1
10 1
1 2
12 1
4 29
1 7
1 5
3 8
4 29
1 5
1 4
2 10
29 32
22 1
34 8
2 4
2 1
1 29
11 1
6 1
1 1
1 10
2 1
1 12
4 29
7 1
1 5
3 8
29 4
8 1
1 1
10 2
29 32
22 1
8 34
4 2
2 1
29 1
1 11
1 6
1 1
10 1
1 2
12 1
29 4
7 1
5 1
3 8
29 4
1 3
6 1
10 2
29 32
1 22
8 34
2 4
1 2
29 1
11 1
1 6
1 1
10 1
1 2
12 1
29 4
7 1
1 5
3 8
29 4
1 4
5 1
10 2
29 32
22 1
34 8
2 4
2 1
1 29
11 1
6 1
1 1
10 1
2 1
1 12
4 29
7 1
1 5
8 3
29 4
7 1
2 1
10 2
32 29
1 22
34 8
4 2
1 2
29 1
1 11
6 1
1 1
1 10
2 1
12 1
4 29
7 1
1 5
3 8
4 29
1 6
1 3
10 2
32 29
1 22
34 8
2 4
2 1
29 1
1 11
6 1
1 1
10 1
2 1
12 1
29 4
1 7
5 1
8 3
29 4
1 1
1 8
2 10
32 29
22 1
8 34
4 2
1 2
29 1
1 11
6 1
1 1
10 1
1 2
1 12
29 4
7 1
5 1
3 8
1 4
4 28
9 1
2 10
29 32
22 1
34 8
2 4
2 1
1 29
11 1
1 6
1 1
1 10
2 1
12 1
4 29
1 7
1 5
2 3
6 3
29 4
9 1
10 2
32 29
22 1
34 8
4 2
2 1
29 1
1 11
6 1
1 1
10 1
1 2
1 12
4 29
7 1
1 5
3 4
5 3
29 4
1 6
2 10
32 29
22 1
34 8
4 2
1 2
1 29
1 11
6 1
1 1
10 1
2 1
1 12
29 4
7 1
5 1
4 3
5 4
4 29
1 1
2 10
29 32
1 22
34 8
2 4
1 2
1 29
11 1
6 1
1 1
1 10
1 2
1 12
29 4
7 1
5 1
3 6
2 3
4 29
1 9
2 10
32 29
1 22
8 34
2 4
2 1
29 1
11 1
1 6
1 1
10 1
1 2
1 12
4 29
1 7
1 5
4 5
4 3
29 4
1 1
2 10
29 32
1 22
8 34
2 4
1 2
29 1
11 1
6 1
1 1
10 1
2 1
12 1
29 4
7 1
1 5
4 5
3 3
29 4
1 4
10 2
29 32
22 1
8 34
2 4
2 1
29 1
1 11
6 1
1 1
10 1
1 2
12 1
4 29
7 1
1 5
4 8
4 9
20 4
1 1
2 10
29 32
22 1
34 8
4 2
1 2
29 1
1 11
1 6
1 1
10 1
2 1
12 1
4 29
7 1
1 5
8 4
4 18
11 4
1 1
10 2
29 32
1 22
8 34
2 4
1 2
1 29
11 1
1 6
1 1
1 10
1 2
1 12
4 29
7 1
1 5
4 8
4 5
24 4
1 1
10 2
29 32
1 22
8 34
4 2
1 2
1 29
11 1
1 6
1 1
10 1
1 2
1 12
29 4
7 1
5 1
4 8
2 29
2 29
1 1
10 2
29 32
22 1
8 34
4 2
1 2
29 1
11 1
1 6
1 1
1 10
2 1
12 1
4 29
7 1
1 5
8 4
1 4
4 28
1 1
2 10
32 29
22 1
8 34
4 2
1 2
1 29
1 11
6 1
1 1
1 10
1 2
12 1
4 29
7 1
5 1
4 8
4 3
4 26
1 1
2 10
32 29
22 1
8 34
4 2
1 2
1 29
1 11
1 6
1 1
10 1
1 2
1 12
4 29
1 7
5 1
8 4
4 26
3 4
1 1
