1 500
36 266
240 394
380 238
70 272
284 24
26 10
386 126
18 242
90 212
292 204
394 398
214 226
208 350
58 156
22 336
156 288
340 80
176 16
74 94
44 244
146 164
238 390
218 204
386 30
256 290
286 186
294 4
326 254
282 120
342 344
228 96
370 44
340 110
232 138
270 222
102 46
228 122
112 382
78 168
74 122
2 84
326 10
362 8
256 148
318 356
214 82
198 326
382 84
224 216
106 260
286 358
32 52
118 90
164 206
76 286
320 396
234 38
184 382
20 6
384 316
352 152
96 350
302 300
272 226
220 384
62 146
50 274
350 146
212 308
348 78
16 210
326 378
40 108
198 50
242 360
240 376
400 400
252 286
362 140
214 270
212 20
346 226
256 198
264 104
26 304
146 164
78 276
220 146
222 92
286 58
308 200
396 50
246 224
252 390
130 254
272 280
214 160
130 318
354 200
40 84
96 160
194 304
174 210
372 252
320 148
236 354
194 308
378 46
302 206
108 252
280 290
34 398
312 102
328 8
80 170
144 394
352 122
100 386
38 68
148 64
110 308
224 164
368 202
176 128
56 144
358 144
138 220
120 22
86 334
98 338
48 308
130 214
104 206
250 178
4 92
200 262
326 266
198 18
68 136
286 314
110 106
318 382
272 84
318 376
144 362
100 318
58 144
74 220
352 368
132 222
168 314
20 176
352 242
386 10
98 272
346 50
278 276
62 226
392 14
2 102
120 262
344 380
256 330
38 114
206 370
44 300
200 56
330 374
66 176
52 68
232 342
14 356
186 306
288 346
68 218
84 384
348 220
198 156
20 380
86 274
362 206
36 118
250 186
400 8
362 2
16 292
280 360
206 138
12 210
214 134
46 108
146 376
142 74
218 174
76 208
110 186
86 226
336 398
54 258
316 142
334 132
322 378
120 372
192 372
316 172
116 160
328 370
138 294
366 224
286 198
312 218
258 274
64 244
4 98
344 250
36 294
378 142
16 346
132 72
130 310
104 342
300 84
372 232
382 312
8 134
114 94
134 70
72 48
76 320
200 148
284 234
258 298
236 320
398 298
148 350
36 152
322 166
284 314
396 324
150 234
372 64
16 30
334 42
100 300
180 224
366 288
392 280
4 28
392 52
164 238
350 14
358 274
270 286
388 174
36 328
158 258
36 172
96 284
246 26
24 28
124 296
228 190
224 90
310 30
286 144
320 330
242 342
232 114
18 244
82 250
114 340
226 334
46 56
338 154
188 282
284 368
378 284
146 36
52 70
96 372
180 328
338 136
116 190
158 126
396 204
292 118
188 344
236 144
376 74
242 392
210 272
252 200
334 334
70 398
334 70
28 266
124 78
98 80
168 28
56 300
350 38
68 350
382 338
266 46
146 332
138 242
296 128
106 394
86 308
312 392
196 314
178 322
52 6
30 88
324 176
152 288
312 270
140 154
314 276
194 60
230 278
38 280
84 180
342 146
378 158
230 68
346 268
98 98
144 268
68 274
30 208
90 22
106 346
28 232
372 146
214 142
162 222
120 240
216 110
312 236
138 110
190 226
218 230
74 84
22 238
368 60
162 54
360 136
268 336
270 372
352 52
226 48
22 34
228 112
272 324
150 192
200 84
284 358
44 354
92 46
70 300
158 104
68 24
368 284
366 240
212 280
138 160
120 212
304 160
178 114
374 176
246 64
94 312
50 186
276 304
28 2
34 338
388 46
350 244
360 192
278 322
104 128
312 32
192 246
6 6
364 126
198 138
268 222
98 140
262 96
326 22
316 148
66 184
44 334
190 294
336 320
264 136
384 116
194 362
268 336
296 122
146 100
388 22
116 112
124 384
356 62
64 50
34 200
236 384
100 146
114 370
116 292
56 224
236 14
230 384
270 100
272 70
344 116
148 250
222 176
318 394
30 74
256 398
288 348
90 228
116 340
260 120
128 216
56 220
396 254
388 382
362 282
170 358
156 96
46 62
342 192
246 24
62 144
114 208
234 80
188 146
360 50
108 70
2 158
56 190
180 210
170 298
170 330
352 90
134 16
108 56
220 182
54 386
78 108
6 240
188 304
394 200
394 66
220 294
100 286
40 12
42 10
224 164
272 186
82 290
354 288
22 272
120 126
366 60
40 84
54 208
124 388
38 372
172 30
288 28
338 176
226 296
184 202
388 236
242 182
228 8
108 234
344 370
282 86
114 28
262 138
176 172
44 228
46 342
112 240
156 270
86 328
74 232
206 286
18 186
52 246
130 50
326 118
288 48
98 130
