2 5000
16304 16720
426 154
249 87
408 57
109 190
363 426
80 222
433 80
455 300
250 457
405 102
497 99
281 109
250 119
434 489
303 257
37 5
227 109
363 422
87 38
332 282
423 44
428 272
38 227
481 45
384 363
281 257
497 433
433 222
428 227
26 144
334 363
327 81
428 497
99 282
250 432
81 334
406 423
109 405
81 430
282 87
426 222
81 303
481 81
497 432
489 363
162 45
92 87
151 222
31 428
318 309
154 125
125 44
13 154
38 434
42 497
433 394
119 394
430 432
42 151
235 190
405 181
282 44
249 497
92 363
288 250
151 282
481 38
13 92
42 154
211 384
235 428
408 92
384 334
125 309
457 434
281 423
159 42
406 297
151 384
144 249
42 281
91 489
327 87
235 428
489 133
57 5
426 99
363 394
91 91
332 125
211 154
235 455
433 227
423 125
432 44
394 432
430 384
5 432
405 423
31 162
5 455
80 430
190 26
45 57
426 257
81 249
65 181
405 334
489 288
416 166
300 26
227 80
359 416
31 332
288 227
497 272
281 190
416 106
309 45
190 250
99 45
102 327
87 222
432 332
144 426
394 235
408 300
65 327
497 426
408 190
102 384
13 303
91 300
227 190
332 91
363 455
235 45
426 31
430 433
303 45
405 13
297 426
227 422
65 133
423 38
153 92
249 154
81 327
497 309
133 300
91 394
151 227
37 227
222 99
152 416
405 434
332 154
426 422
102 300
250 144
181 288
38 151
282 92
109 288
363 5
406 288
334 190
489 489
190 249
7 384
222 181
31 181
181 119
489 303
334 5
38 257
144 327
80 109
489 42
489 65
87 44
288 257
309 153
482 416
151 45
181 162
434 282
327 309
363 44
497 455
81 119
288 154
406 26
257 235
92 430
318 125
249 37
405 151
408 363
181 91
408 426
102 455
45 332
37 426
416 157
332 7
99 80
430 334
109 327
222 81
181 7
5 303
406 250
99 249
159 297
125 405
249 133
497 309
92 45
162 190
489 235
38 432
222 249
26 119
154 408
422 430
5 428
57 211
334 151
408 45
249 423
394 31
159 81
455 426
288 434
7 13
154 281
5 159
38 282
109 133
309 26
408 481
394 481
65 249
154 455
332 80
455 109
334 45
497 80
119 159
21 481
26 235
190 80
297 153
428 455
434 37
133 38
87 430
327 31
288 428
38 37
65 282
102 282
432 5
99 434
151 144
7 455
288 281
423 432
144 159
92 455
42 125
125 211
80 405
455 109
249 455
181 332
91 318
159 153
457 181
102 57
281 91
430 222
38 318
309 408
394 250
102 44
423 92
151 481
181 99
428 31
257 363
428 434
297 384
99 481
430 181
125 44
257 249
65 489
222 422
457 222
288 235
300 332
250 249
5 416
406 327
211 7
8022 416
181 428
334 327
6457 416
190 38
497 406
384 159
405 426
423 430
408 80
432 297
162 408
408 37
406 282
408 394
227 430
235 297
288 91
416 4
190 222
303 57
181 297
434 288
303 45
432 405
38 91
159 102
327 91
154 87
235 42
422 432
433 99
154 144
153 489
57 65
318 162
416 40
455 211
428 282
416 387
303 272
38 433
5 13
37 65
102 153
422 99
5 309
125 81
297 38
42 433
65 288
159 332
45 457
281 363
109 282
162 99
489 408
119 434
162 21
282 119
31 159
405 394
45 227
455 151
119 433
227 92
87 125
430 5
13 144
38 38
384 181
133 80
250 334
300 222
154 227
282 125
81 81
423 300
38 21
416 482
422 481
489 154
222 432
119 327
119 394
235 151
249 428
57 455
190 13
422 7
318 144
65 457
405 222
91 7
416 47
288 80
433 45
119 405
426 426
249 42
327 7
37 288
5 406
102 235
133 151
281 13
57 80
15 416
433 406
497 250
162 497
44 133
257 363
91 37
272 282
309 151
65 5
181 481
422 489
42 227
211 481
211 489
281 297
80 21
222 92
332 430
489 80
92 334
300 65
44 38
91 423
318 363
44 109
119 222
303 408
363 119
153 408
102 334
26 42
159 102
211 222
119 332
65 455
92 481
405 91
405 227
190 102
92 430
434 481
7 37
159 162
281 257
211 81
332 153
272 211
125 282
102 92
87 434
318 426
87 159
300 81
181 318
249 300
432 133
432 13
332 190
303 144
211 433
37 318
497 318
257 7
102 153
42 190
125 297
249 249
288 92
190 154
281 497
288 250
45 91
281 102
30 416
272 363
37 423
303 318
405 92
288 249
119 481
426 81
363 457
318 154
363 26
45 408
154 181
7 300
190 497
288 153
191 416
154 222
92 151
26 133
434 384
235 303
309 154
151 13
433 65
181 309
65 327
153 318
125 235
282 423
303 153
222 109
133 282
281 80
457 144
422 434
181 102
181 44
102 21
45 455
7 235
21 457
222 282
405 481
309 81
300 426
109 272
65 405
489 91
433 159
416 142
151 7
125 272
65 7
282 26
332 422
481 433
433 42
144 434
327 281
332 222
282 31
38 65
44 151
430 57
303 497
332 272
422 394
162 87
394 497
303 497
432 38
42 249
457 211
31 26
111 416
432 281
65 422
428 423
455 91
282 433
408 426
7 406
272 153
272 162
119 80
151 309
332 406
7 80
5 21
408 422
300 37
154 57
26 91
297 481
327 309
481 109
5 144
181 406
457 406
318 222
394 144
80 159
408 91
13 119
102 422
282 257
102 430
422 119
405 26
80 38
489 327
394 144
80 497
190 406
7 154
109 457
430 159
7 272
318 154
7 7
257 37
26 282
250 151
46 416
433 250
334 144
430 133
426 272
153 272
405 144
102 7
151 235
181 159
159 327
702 416
154 102
144 422
13 288
7 181
481 257
109 281
57 181
21 455
303 92
153 406
211 92
282 7
297 92
300 87
250 430
92 489
288 144
13 227
109 26
297 151
249 489
282 303
92 133
422 159
327 250
65 432
109 153
250 426
416 608
249 57
109 250
497 489
87 481
26 309
309 430
162 309
481 37
153 363
57 38
144 44
430 7
5 154
144 133
249 7
257 133
281 481
99 303
235 334
45 190
422 250
426 119
144 297
428 109
99 38
416 76
363 13
26 433
282 21
13 109
5 235
327 497
227 87
57 288
481 81
430 497
119 432
227 406
38 408
300 327
151 65
102 257
42 432
65 125
384 318
91 92
81 91
303 42
434 181
249 434
7 408
288 481
5 249
332 57
282 303
250 80
45 5
309 7
422 303
37 109
405 44
42 363
428 81
37 45
7 406
334 363
181 300
481 318
159 282
102 300
272 154
257 227
91 428
405 7
153 426
31 109
430 26
181 455
332 408
406 432
12813 416
7 42
481 433
27 416
162 109
272 162
81 102
144 406
13 181
303 125
181 250
31 31
455 327
102 497
481 235
92 423
37 363
151 151
80 297
13 133
406 162
434 303
21 151
455 281
288 332
210 416
81 190
281 250
297 408
434 405
57 489
430 300
154 327
297 87
44 154
426 434
318 151
422 433
125 497
133 154
318 125
190 80
91 119
384 159
133 428
297 426
45 7
119 300
489 405
249 428
497 159
288 318
408 457
297 318
250 133
309 80
422 272
384 151
151 481
21 300
250 249
408 428
21 109
257 181
422 125
222 309
211 125
327 300
7 31
422 211
434 162
151 332
162 222
297 125
181 38
272 5
151 497
87 133
334 133
144 81
426 318
87 144
235 288
144 162
26 181
297 384
13 282
257 430
151 44
211 433
432 92
91 44
327 334
433 497
144 249
489 109
99 235
455 162
249 406
7 288
281 162
432 159
92 13
5 497
26 65
44 332
13 457
282 457
430 153
211 144
416 63
31 154
44 327
190 363
16 416
434 44
125 5
384 81
65 91
42 31
288 394
297 428
181 318
102 288
102 432
455 489
257 119
481 282
211 497
432 406
80 181
31 99
91 334
45 281
309 21
45 45
363 455
144 119
21 151
297 288
316 416
249 303
5 334
44 384
102 235
181 235
99 428
81 303
297 227
282 37
151 288
87 151
327 211
21 81
144 405
38 7
428 363
416 18
250 26
125 426
297 288
489 151
102 434
432 44
297 37
38 327
13 99
144 159
162 432
297 257
282 227
384 42
99 37
405 249
26 91
428 5
334 426
27 416
153 428
250 497
455 7
91 249
406 81
38 384
44 489
406 426
5 309
159 332
430 497
162 455
363 44
65 125
26 57
125 153
151 430
65 99
406 13
481 497
405 318
249 481
327 257
235 406
363 405
406 102
87 426
408 423
57 281
38 119
434 384
57 7
455 99
65 65
457 87
334 384
497 405
57 334
190 57
481 92
416 28
272 272
281 457
249 426
153 153
332 408
151 99
151 26
422 211
31 334
250 300
80 481
37 332
38 481
432 433
162 153
31 119
21 181
154 432
481 181
309 288
309 119
81 99
489 153
422 405
21 227
481 7
71 416
434 481
235 497
288 406
91 433
455 57
428 87
433 153
426 102
394 272
394 303
159 44
489 457
65 162
144 154
405 38
408 433
144 363
45 272
300 227
31 80
384 162
433 81
281 428
92 303
38 430
363 99
497 21
430 38
433 38
26 250
44 455
13 235
21 21
235 44
162 81
109 300
296 416
144 65
92 154
37 87
318 31
92 80
57 92
384 87
489 154
288 497
272 151
154 288
42 21
37 45
334 162
497 497
257 65
227 81
327 45
235 159
309 303
430 363
318 272
250 363
57 300
363 235
394 44
426 430
99 190
434 406
91 363
42 250
405 81
181 37
81 13
109 334
38 235
405 457
133 211
309 250
91 481
423 5
7 318
489 21
133 37
153 21
288 384
408 334
300 44
428 91
394 99
144 309
394 300
303 288
5 57
457 227
309 125
144 37
434 303
303 38
272 190
222 45
181 406
406 13
99 288
119 37
433 162
408 300
332 250
190 37
235 297
327 162
334 125
211 133
457 31
433 235
26 153
91 481
42 119
181 332
433 303
481 211
190 57
318 99
481 282
384 332
159 222
309 99
303 222
80 144
235 318
257 394
102 42
151 211
31 92
87 303
257 426
133 26
426 144
38 428
384 300
153 162
144 257
144 309
394 26
297 318
13 384
416 82
257 288
334 13
249 281
26 257
408 434
190 281
57 426
394 125
190 432
7 57
422 422
5 327
57 21
432 81
38 65
433 332
125 257
405 42
252 416
235 249
26 497
405 102
489 309
133 162
257 162
428 281
394 26
119 26
31 272
235 457
257 303
406 151
65 394
227 309
13 42
489 80
125 133
211 426
190 65
119 87
151 38
394 334
405 297
227 151
13 91
332 211
227 497
144 133
222 7
363 99
434 222
257 250
81 300
81 432
42 423
434 151
297 133
153 109
422 26
455 334
99 434
151 81
45 428
227 481
288 408
181 45
423 434
119 327
318 227
21 318
416 418
162 249
432 211
21 257
190 133
272 133
416 6
162 44
13 45
405 91
159 37
288 334
408 42
260 416
405 26
151 211
65 109
327 434
332 394
423 227
497 26
7 489
133 281
408 162
423 7
481 125
151 497
332 428
309 162
318 405
250 99
99 334
181 153
332 297
332 190
281 309
99 430
422 91
257 332
227 87
45 153
133 162
13 497
162 38
422 44
309 281
297 65
21 334
303 481
394 497
102 334
384 384
125 21
7 497
422 426
133 481
297 430
481 428
144 497
44 81
288 87
422 92
159 408
457 300
406 318
37 44
394 327
457 422
394 80
334 211
154 81
497 45
384 423
57 87
406 21
332 422
91 457
497 222
318 394
211 38
133 334
159 394
489 37
432 309
481 153
318 21
153 87
81 38
65 303
428 432
408 227
65 384
125 92
45 13
91 5
119 7
288 181
57 394
457 91
119 303
332 406
280 416
416 83
227 5
250 21
455 190
300 38
190 87
80 44
222 288
42 434
408 423
26 13
282 394
257 497
422 489
457 181
250 303
250 21
384 99
181 363
481 423
430 31
394 227
65 190
433 363
99 211
99 162
45 222
26 211
7 426
125 363
481 406
109 151
151 457
309 109
5 190
45 102
394 65
405 162
432 227
119 406
154 153
426 457
346 416
416 40
422 300
87 65
288 81
408 102
7 297
37 21
159 125
65 45
99 87
190 384
250 394
154 211
288 227
384 455
430 408
26 26
250 211
394 282
5 87
162 497
102 394
422 151
153 249
42 489
432 433
211 109
13 281
151 162
288 162
151 91
162 257
423 227
45 125
430 42
405 433
497 38
26 154
151 408
7 250
288 102
434 332
102 65
272 428
334 334
80 235
144 455
416 227
80 309
53 416
434 37
37 405
55 416
235 300
133 434
80 434
282 309
433 455
288 332
282 81
102 45
7 281
406 423
455 81
144 250
257 405
235 133
99 423
426 26
44 13
300 154
45 430
99 257
455 45
457 7
457 119
281 272
153 159
227 57
433 309
297 300
309 297
288 26
405 282
405 159
426 44
5 181
423 481
405 303
37 222
303 21
282 455
227 235
3795 416
42 154
430 406
250 282
422 159
21 91
80 31
181 31
81 80
190 432
222 125
45 257
288 318
249 92
125 281
81 363
44 109
455 309
249 26
44 190
235 282
109 125
211 281
457 125
92 42
309 332
249 332
457 38
423 422
1 416
31 211
297 31
21 162
384 37
309 154
406 334
92 159
423 394
489 227
422 497
227 430
455 423
87 489
154 327
151 363
432 80
394 190
13 153
426 428
405 272
13 327
13 249
181 109
318 334
455 426
235 21
455 434
416 190
42 81
159 455
87 327
433 21
57 13
1 416
159 250
151 257
497 282
151 249
154 65
57 37
303 109
125 31
434 125
38 91
13 430
428 423
81 181
334 457
430 303
227 162
37 38
455 222
334 297
426 272
119 21
432 26
489 394
21 91
422 282
433 281
272 65
394 309
297 249
434 92
249 5
227 489
303 151
144 227
334 433
426 235
159 13
428 26
430 190
394 222
133 455
13 102
211 80
59 416
235 257
38 257
13 99
405 430
384 272
26 154
250 303
44 99
432 37
297 249
162 288
109 31
272 181
297 80
80 65
65 281
159 408
272 408
394 481
257 159
422 31
497 318
282 457
430 181
455 119
406 408
297 250
309 433
59 416
65 426
119 288
281 119
57 92
5 394
434 21
426 432
334 423
107 416
91 42
334 26
125 38
497 257
430 235
45 119
26 153
151 37
76 416
257 434
281 288
119 31
57 37
151 57
99 227
300 31
257 153
457 426
405 300
162 144
489 297
38 489
227 42
394 222
434 109
102 432
327 363
144 109
227 211
190 151
159 21
119 227
57 257
489 327
227 91
250 235
31 434
281 332
80 363
363 408
37 457
408 211
332 109
13 426
457 80
428 481
102 44
154 21
181 327
481 430
92 44
65 430
455 151
297 211
37 151
282 159
31 297
13 109
133 430
272 31
181 159
159 457
154 408
38 87
250 363
80 37
303 384
81 455
99 432
181 250
133 102
235 432
489 309
91 327
7 153
297 57
422 133
297 109
481 87
38 92
181 99
318 455
332 125
153 144
190 154
434 42
426 363
45 65
13 257
489 426
133 222
144 57
80 21
5 297
81 235
426 190
257 190
423 159
31 44
38 92
119 81
44 406
433 394
309 455
91 190
433 7
272 455
497 92
426 281
455 405
153 334
144 42
37 81
363 31
38 497
80 5
303 133
422 109
416 144
5 457
434 211
282 423
235 384
384 92
318 300
154 235
282 190
250 92
497 227
481 80
430 257
455 119
384 26
125 38
99 288
133 87
282 297
406 65
37 272
91 102
92 109
394 288
91 235
159 272
44 7
303 162
151 433
211 102
235 65
406 300
481 13
37 181
300 428
300 153
318 222
430 211
153 430
38 181
433 457
257 5
154 181
423 211
13 65
21 222
31 426
303 13
332 92
7 303
281 222
422 37
235 87
282 181
26 408
257 109
45 406
13 408
45 363
80 432
433 433
181 181
65 497
38 102
428 21
133 300
65 481
309 363
384 405
288 249
45 249
282 133
133 394
45 384
332 44
31 235
288 31
13 434
282 162
5 235
235 408
21 44
272 327
125 87
102 423
408 21
37 5
288 119
222 37
281 423
394 281
227 190
102 309
235 153
81 31
497 422
227 303
119 318
249 334
13 405
222 44
318 318
406 44
297 422
102 109
257 119
42 282
405 428
38 300
432 272
99 433
5 434
408 21
282 426
31 21
272 119
432 133
26 422
297 37
434 432
91 406
109 154
227 181
119 235
57 433
426 92
26 42
408 405
235 455
57 327
257 45
235 384
282 13
300 211
91 434
222 272
318 37
91 87
31 45
42 222
99 332
405 133
211 227
7 327
133 42
31 394
481 162
250 38
423 257
455 303
37 309
272 7
334 281
99 26
31 87
426 162
21 497
151 125
428 154
45 154
102 26
309 428
102 250
332 250
428 42
405 281
144 430
21 426
405 303
455 222
99 300
153 363
144 489
272 151
281 235
65 211
272 222
162 37
272 434
154 405
288 45
190 45
5 408
432 57
428 430
426 303
227 38
432 235
162 26
80 235
282 65
45 406
5 250
102 394
432 227
109 133
288 57
309 65
249 272
384 57
162 423
80 423
109 211
433 297
92 408
455 44
222 384
144 384
300 26
159 44
211 37
318 363
87 181
91 497
257 80
300 65
37 37
334 433
37 235
222 57
250 154
144 31
133 250
99 430
26 457
31 257
102 303
422 281
384 211
144 384
119 159
57 318
80 384
31 457
109 426
5 384
281 384
45 159
21 423
288 133
249 109
81 434
181 384
406 133
432 249
406 42
250 44
13 222
281 159
144 45
125 394
159 434
91 281
249 282
153 42
408 7
7 119
405 181
92 281
281 81
92 272
38 297
423 31
334 57
154 455
481 384
422 80
288 300
327 408
42 318
432 288
309 92
133 297
31 37
433 222
288 159
408 497
363 92
133 405
181 211
222 7
297 434
5 384
154 151
159 26
222 432
144 434
26 38
37 119
45 327
190 102
222 227
81 87
318 433
144 81
457 422
288 363
432 363
159 80
153 151
222 222
297 13
99 405
428 87
423 432
282 80
151 159
102 406
309 38
154 457
109 81
332 489
309 434
282 257
433 37
38 133
7 92
303 300
249 408
481 297
434 38
42 327
26 384
384 406
151 489
303 227
102 497
227 281
99 91
106 416
153 309
423 235
285 416
133 133
159 394
297 227
426 153
428 250
423 334
408 222
481 457
288 455
384 125
87 92
297 44
109 384
368 416
31 125
334 408
430 334
42 13
249 31
363 154
102 297
457 288
257 481
81 405
309 422
332 99
31 151
144 65
422 57
13 384
332 5
91 211
227 327
423 151
81 422
109 99
272 38
405 433
300 300
384 433
227 222
222 250
211 428
422 38
457 497
433 154
181 87
26 44
91 227
45 81
422 81
80 125
318 31
249 154
5 162
257 249
455 281
144 38
272 249
282 99
282 38
405 211
159 125
297 181
455 433
154 154
428 334
300 109
406 457
119 434
430 7
408 282
428 227
303 363
384 423
153 303
31 42
222 327
125 91
430 21
430 405
144 481
57 282
80 405
181 227
282 250
423 422
327 434
297 297
153 282
318 432
363 119
30 416
406 282
394 406
13 222
153 81
144 318
99 154
250 38
26 87
428 433
144 44
394 13
426 481
251 416
318 44
457 99
406 154
87 309
497 334
42 133
7 151
457 297
281 281
257 384
303 334
426 281
44 119
309 405
26 363
318 430
332 272
433 13
21 432
433 249
211 5
303 80
281 300
38 423
423 303
42 162
190 87
497 133
181 222
151 426
91 235
489 334
433 154
430 102
144 297
423 181
37 154
250 426
432 162
281 44
428 257
422 235
144 144
332 21
426 91
457 455
91 125
481 190
42 109
281 318
154 80
406 455
37 109
394 297
281 434
65 31
119 190
26 190
405 154
432 457
211 65
45 281
7 426
426 190
38 154
81 332
38 249
181 133
12 416
38 153
257 154
430 430
327 457
45 430
422 190
125 235
303 119
42 309
422 13
300 455
13 65
99 455
44 428
7 133
481 300
133 222
430 455
99 109
318 119
190 318
42 181
31 190
489 222
159 133
5 222
249 44
497 434
281 5
37 125
434 65
159 38
109 428
489 384
235 31
408 384
7 309
57 250
65 92
227 26
288 272
416 11553
87 37
211 250
297 45
432 153
81 249
125 406
44 235
65 318
80 7
80 26
363 457
31 481
433 181
37 430
250 87
408 455
26 249
363 297
406 281
250 227
109 250
282 249
37 433
13 428
408 99
408 42
489 181
153 144
422 21
57 332
297 272
5 153
133 235
318 5
31 153
109 109
181 13
288 5
250 102
249 91
432 153
42 45
432 288
249 37
99 481
99 99
37 21
300 394
144 5
92 119
190 489
334 81
432 154
318 309
408 87
327 426
457 384
489 297
162 405
92 394
432 99
151 5
5 109
281 250
327 38
21 394
257 272
249 332
133 288
406 57
249 430
297 159
26 288
153 181
133 426
109 227
81 7
406 87
332 394
42 334
162 300
303 31
92 211
181 300
99 65
44 45
406 125
433 109
250 37
432 109
42 211
144 489
57 423
384 91
235 144
288 80
159 327
144 430
190 125
57 272
7 144
26 87
406 405
432 481
211 13
181 281
133 91
489 406
309 119
5 227
159 481
144 288
21 481
250 384
38 45
288 159
80 300
405 21
109 119
303 65
363 21
433 423
288 81
318 159
297 57
327 57
162 211
249 309
406 235
151 153
133 318
250 423
21 102
227 235
222 144
125 497
327 497
102 92
5 288
497 109
42 42
318 153
37 31
428 432
318 332
394 309
332 151
250 42
38 42
309 334
235 250
332 31
318 332
434 423
153 80
65 481
303 102
92 288
432 394
211 434
300 91
7 5
119 489
422 235
430 222
87 154
257 109
297 430
303 190
37 81
457 190
42 91
181 235
235 408
151 13
432 384
102 99
489 281
428 7
44 297
384 91
235 222
281 102
430 422
42 318
119 99
332 133
38 80
272 430
133 119
42 222
422 318
44 430
455 423
430 332
21 42
81 250
408 38
5 153
253 416
455 481
37 7
37 428
430 250
334 222
154 384
423 133
31 497
5 433
434 363
92 133
434 159
91 433
162 384
272 81
457 334
91 423
190 318
181 426
303 327
26 455
309 300
102 318
447 416
282 384
162 57
99 45
363 65
428 44
5 489
42 405
44 57
153 80
57 31
318 250
151 281
394 428
489 430
406 249
7 38
257 153
455 133
125 190
102 119
282 430
394 7
102 99
31 222
281 332
109 7
99 423
489 7
405 7
334 119
250 37
21 297
57 282
57 91
222 153
92 81
153 250
422 87
42 37
394 181
154 334
281 133
497 423
332 332
327 26
428 159
26 332
281 21
45 297
288 44
249 408
422 190
81 102
432 92
133 434
481 303
363 154
154 31
318 257
489 408
303 281
309 406
457 235
21 235
154 222
432 7
327 44
181 303
153 119
13 432
91 309
159 303
481 102
249 497
162 109
363 300
99 426
423 288
497 181
257 159
45 235
394 45
423 309
57 211
281 5
281 31
159 37
211 31
91 408
181 309
44 42
363 181
334 422
144 102
408 109
455 37
119 428
416 230
99 281
288 222
162 92
80 272
21 432
162 154
99 222
13 394
334 227
37 309
13 489
37 300
405 21
19 416
433 21
159 426
235 153
282 455
45 394
394 384
144 119
133 384
426 384
384 249
37 92
119 65
433 434
13 272
31 250
5 497
303 300
457 309
384 426
65 81
57 489
394 249
81 250
144 257
423 26
65 102
405 87
433 257
250 434
99 151
92 190
406 38
181 249
235 327
87 5
309 211
327 384
144 38
272 281
65 81
300 153
102 457
363 102
151 416
416 42
57 430
432 211
162 26
153 249
300 433
249 426
297 408
406 211
31 281
300 497
489 257
481 406
57 65
92 300
153 497
497 434
430 281
222 406
44 394
423 31
433 288
272 430
151 133
211 181
426 433
5 65
159 497
455 457
151 300
38 109
87 497
26 37
432 300
363 423
153 7
416 140
455 257
159 334
497 92
423 318
119 408
91 297
21 133
408 406
303 327
300 45
327 430
422 227
153 38
332 303
99 303
300 190
457 497
37 327
80 144
422 13
44 211
151 222
44 31
272 80
92 433
406 159
428 408
81 45
405 481
144 272
26 455
7 190
81 318
363 7
318 235
235 144
408 125
211 288
154 57
162 428
45 151
44 65
87 159
133 125
81 394
87 318
422 481
109 81
300 489
87 423
432 455
457 434
190 153
109 363
5 211
250 45
432 332
327 144
181 26
428 457
133 5
190 190
102 433
334 119
249 21
5 272
428 497
37 99
21 26
153 282
125 37
119 384
422 384
125 405
332 42
125 408
481 384
153 154
159 81
249 334
21 153
433 119
211 153
257 26
133 384
489 455
288 125
80 334
481 45
428 65
211 428
416 76
457 405
288 309
272 57
334 394
80 57
159 430
44 42
42 81
250 159
318 45
87 102
363 432
434 21
13 80
109 119
408 434
489 303
272 44
423 159
81 426
384 257
151 288
428 428
282 297
65 159
394 408
489 159
45 87
133 190
318 394
151 457
91 133
426 489
227 119
227 257
334 428
250 405
119 497
21 249
422 133
92 455
433 80
250 422
190 13
144 99
45 423
31 405
422 433
38 489
151 327
384 272
154 250
384 87
455 65
249 489
21 119
91 297
257 433
57 44
119 80
42 190
363 159
45 426
57 497
45 426
211 144
334 45
133 408
119 153
42 272
481 327
125 5
457 153
57 457
430 109
408 384
154 235
5 423
426 423
38 235
406 190
44 44
272 87
162 181
257 102
481 159
235 162
433 297
57 300
99 257
257 211
297 119
57 153
430 154
227 44
57 235
249 309
272 497
434 432
257 257
433 272
144 21
297 42
426 80
80 428
430 434
99 406
211 7
272 406
249 235
181 151
181 426
222 327
363 227
125 102
394 394
489 125
489 102
125 428
91 44
426 13
394 190
227 99
211 303
37 430
405 432
159 227
81 394
31 430
81 92
227 80
92 281
405 423
489 394
416 419
87 489
332 327
211 272
87 144
332 257
31 422
405 288
423 13
282 102
481 13
91 303
227 153
282 80
44 457
109 272
92 154
85 416
408 432
332 300
422 42
428 327
133 37
430 363
281 65
434 334
159 133
153 31
99 125
211 119
151 31
408 422
65 363
363 405
303 430
91 181
481 144
154 44
249 318
334 162
125 109
42 428
327 102
5 434
422 5
428 318
332 457
408 455
303 406
272 102
65 408
309 133
422 405
457 92
257 37
406 309
5 481
211 282
162 332
363 288
406 227
282 408
154 159
57 303
26 272
332 303
455 80
153 91
489 21
297 394
394 87
423 235
327 408
281 327
422 432
235 334
428 181
57 249
222 481
423 288
422 119
481 318
109 497
31 432
190 497
422 5
227 272
190 481
303 26
489 190
190 384
303 363
363 133
21 384
7 423
151 432
211 318
334 318
190 428
144 272
87 434
363 91
257 125
31 91
151 282
318 81
91 430
102 5
281 151
37 334
153 87
489 334
250 309
422 45
300 13
99 42
102 151
426 80
281 21
334 422
92 249
80 416
81 497
405 153
222 235
211 119
211 211
31 408
45 92
99 211
133 428
26 211
430 13
144 26
309 332
102 211
190 37
57 222
288 38
222 428
249 80
428 26
408 433
65 92
133 45
303 406
297 497
7 92
44 334
422 162
151 119
153 133
99 300
297 281
92 151
109 26
80 430
65 80
272 433
406 65
222 297
5 92
430 434
144 300
406 37
432 430
497 281
44 281
481 37
332 227
423 181
81 423
282 428
428 434
21 430
5 433
406 363
13 423
428 457
153 45
92 327
281 154
159 489
99 119
433 57
433 45
13 408
222 497
332 497
272 91
318 13
151 57
227 384
5 190
332 334
455 297
408 181
297 21
288 430
249 422
430 87
394 227
65 297
153 211
45 249
489 31
434 406
455 249
26 81
288 489
13 159
5 91
133 99
216 416
318 102
281 235
318 80
423 81
408 99
26 235
481 250
21 288
423 102
363 109
109 87
249 318
119 428
45 91
545 416
384 7
272 309
125 426
151 42
80 457
45 457
109 181
80 394
405 282
190 99
489 102
13 133
99 92
298 416
87 151
249 159
190 334
44 272
288 303
455 87
433 384
181 249
272 13
81 57
37 65
37 303
181 144
394 109
92 125
91 282
481 309
7 428
44 65
21 272
38 455
38 455
489 5
181 119
7 162
250 272
455 13
481 250
318 327
44 249
159 227
222 38
222 153
422 428
65 433
109 159
102 5
38 109
318 109
303 162
144 432
405 190
406 57
300 423
300 405
434 57
272 423
227 309
227 282
481 44
250 489
363 57
57 42
99 91
151 249
416 404
144 428
327 288
428 151
227 384
434 162
222 332
5 405
455 227
405 65
257 44
423 21
489 13
81 489
87 249
222 297
133 102
334 288
37 288
144 406
430 300
151 154
249 384
497 44
102 119
38 57
109 423
428 92
159 31
162 42
42 45
489 133
327 153
92 31
457 99
119 125
281 37
37 235
211 190
92 44
300 457
133 80
153 455
430 119
91 37
38 288
434 433
457 125
92 235
31 327
65 434
65 42
87 7
125 430
144 151
408 181
406 92
99 38
44 408
81 297
405 455
497 42
394 42
37 26
434 153
13 21
384 428
181 327
297 327
327 92
133 31
190 282
363 222
159 318
281 249
162 37
235 434
426 406
384 109
13 154
81 408
38 31
235 162
406 428
44 13
81 497
125 272
489 250
211 423
37 497
250 31
154 21
249 125
249 125
288 384
481 44
151 109
428 250
154 162
432 489
497 408
432 42
318 433
190 288
102 309
26 430
405 272
109 406
153 394
80 80
38 162
92 91
272 227
309 481
426 300
272 235
405 235
457 222
151 257
87 363
327 327
162 13
257 434
125 481
227 65
91 159
318 282
406 384
433 430
432 497
188 416
250 151
334 44
300 42
332 109
21 190
282 181
227 92
432 45
65 222
406 153
227 125
235 282
250 190
21 65
119 162
5 5
222 423
31 406
92 250
102 455
227 153
303 87
394 38
334 13
5 38
249 433
91 394
249 405
481 119
153 332
227 26
151 394
281 457
455 211
282 489
250 408
21 300
181 432
227 426
211 159
416 81
422 327
154 457
227 457
394 99
125 250
26 44
26 334
416 424
433 153
38 406
257 309
109 57
38 334
281 144
154 481
99 154
455 434
318 99
102 144
7 26
481 457
457 37
65 222
65 423
394 426
423 297
394 428
332 235
457 430
181 334
211 426
455 422
406 334
433 133
327 433
416 1
42 235
144 428
5 44
45 21
181 489
416 49
288 430
26 5
5 21
153 65
303 249
109 309
80 300
45 422
133 327
405 405
416 54
423 423
281 211
332 87
327 394
394 211
334 481
457 21
457 133
45 432
87 257
144 408
428 13
318 406
281 300
363 332
87 406
434 109
288 455
109 65
190 44
61 416
481 235
159 42
13 457
430 457
42 38
119 297
297 257
31 408
297 7
416 303
332 119
181 433
282 434
153 497
65 162
181 422
318 227
457 92
91 332
384 250
318 428
423 151
162 190
288 288
45 300
99 384
309 57
433 159
406 250
125 384
288 45
363 162
457 26
45 405
102 297
300 151
109 457
5 363
309 65
125 144
489 423
92 433
434 227
281 303
434 422
45 154
426 133
394 406
109 91
432 481
334 332
297 190
42 119
272 133
42 181
457 297
38 318
13 13
13 434
394 5
154 303
318 45
300 13
303 457
37 497
297 406
281 81
257 422
80 87
7 99
297 153
21 257
282 162
406 109
303 31
80 154
332 297
257 42
489 318
99 7
327 151
288 109
153 327
327 406
455 87
363 38
227 363
257 92
45 26
133 303
159 26
42 80
332 423
91 144
428 363
384 31
426 481
159 7
102 109
257 394
57 428
99 497
133 257
433 125
26 92
42 272
272 99
303 44
428 489
211 318
272 489
249 423
159 5
80 406
159 21
432 384
125 489
489 405
162 5
384 80
57 21
455 332
309 430
222 426
272 87
249 99
45 57
394 153
282 384
433 144
13 119
227 13
332 144
26 433
257 222
363 21
37 211
31 249
303 7
81 154
406 406
211 21
26 272
257 91
45 423
7 26
257 423
119 65
455 125
42 422
363 406
92 422
21 87
457 272
430 44
405 222
5 42
309 426
408 430
21 272
99 42
87 334
211 87
430 5
154 426
428 102
406 422
428 430
332 26
300 434
430 481
363 38
119 119
31 455
153 190
318 26
327 162
363 363
272 318
13 257
257 65
423 222
5 133
227 481
394 281
428 81
434 426
309 13
497 31
481 489
154 332
222 416
31 334
211 497
31 7
227 81
133 31
26 222
434 190
119 91
109 318
481 334
422 80
144 37
151 91
151 81
42 282
406 26
481 26
416 407
133 457
394 235
13 87
181 92
102 181
334 21
211 249
65 408
181 133
87 13
405 109
457 327
65 334
426 282
21 406
433 151
433 31
153 57
432 257
257 181
249 38
457 249
102 162
300 154
455 159
45 133
309 423
7 21
91 434
211 408
38 21
282 92
281 42
318 434
432 37
144 408
423 162
300 428
7 497
7 300
272 455
45 489
281 119
227 31
80 408
249 327
154 394
99 153
327 455
81 133
7 434
153 125
144 455
21 394
363 159
334 159
384 153
288 42
433 102
38 5
162 80
426 87
363 422
318 26
87 81
497 181
455 37
26 5
159 159
394 363
318 92
80 211
91 162
318 408
422 87
7 257
394 37
434 125
433 428
26 432
282 309
432 457
91 406
57 481
125 222
249 211
151 80
102 384
13 125
423 190
87 423
318 257
318 5
7 282
153 288
99 309
65 428
80 181
288 327
272 159
288 422
318 457
190 119
408 153
190 457
222 190
13 250
416 44
455 297
300 144
428 151
125 181
300 159
5 81
26 125
394 181
119 133
481 455
26 125
125 81
13 37
332 65
7 227
332 144
422 257
432 181
408 408
363 80
455 428
222 80
7 162
102 154
81 91
422 249
282 281
211 334
309 42
211 363
44 21
433 489
81 99
87 99
489 45
91 31
428 327
159 154
81 297
5 109
37 405
190 159
318 455
44 457
433 44
433 423
394 7
133 227
92 144
80 249
151 65
332 457
300 190
406 300
318 423
133 363
162 125
309 428
65 91
257 408
434 102
91 497
7 334
13 5
80 327
87 257
272 334
133 423
57 159
281 408
222 81
489 26
87 297
125 422
91 102
144 13
297 42
423 250
434 151
222 92
303 428
87 65
57 428
394 434
80 87
303 42
154 497
190 249
227 57
29 416
13 38
408 102
489 31
257 334
144 92
426 235
303 91
282 45
92 190
455 42
416 6
433 406
250 334
159 91
102 426
309 13
422 109
489 428
363 249
408 272
38 102
432 65
332 5
38 332
426 430
334 300
384 31
7 434
99 235
384 45
91 272
303 222
481 332
457 119
102 227
405 250
282 327
422 327
5 44
125 21
332 423
426 21
406 405
153 133
384 92
434 190
332 87
249 222
423 42
384 42
363 433
144 45
497 300
92 332
426 423
44 45
282 363
408 109
80 81
455 384
235 405
423 37
309 235
222 406
430 125
426 38
211 44
422 162
426 109
300 87
91 153
433 144
250 119
91 430
159 457
26 423
455 13
80 42
405 211
426 44
92 92
423 497
37 227
257 91
481 26
432 144
91 222
91 250
297 162
154 497
133 408
181 434
99 144
408 26
222 5
406 422
457 288
282 432
109 327
489 457
211 21
405 57
309 87
5 455
257 92
432 87
406 257
282 272
81 430
334 455
37 42
257 57
394 109
154 5
109 57
309 272
21 99
125 162
303 154
297 13
26 151
497 282
363 309
457 162
151 334
87 334
21 428
80 26
5 408
327 190
288 282
300 222
423 65
272 38
133 394
42 57
227 31
405 151
497 133
31 26
92 334
91 211
190 272
422 153
318 92
91 288
334 282
38 457
45 363
303 211
481 363
272 92
13 318
7 125
497 426
332 405
408 119
162 44
13 235
235 430
159 309
7 332
102 42
154 481
159 190
65 422
227 227
102 422
92 159
26 81
481 31
119 38
211 288
300 162
31 405
57 133
125 125
227 249
45 38
31 5
297 92
282 44
44 250
125 300
159 235
154 434
45 250
190 433
455 432
81 13
432 432
45 497
7 5
26 297
384 405
430 394
406 455
119 154
303 318
153 481
190 257
162 45
432 282
190 297
489 272
37 154
119 432
250 300
363 481
5 80
489 81
408 44
159 309
235 211
99 406
282 91
5 426
144 31
282 300
426 309
38 281
394 162
422 151
162 162
80 162
87 87
222 334
250 408
430 282
250 87
87 7
45 282
37 102
434 318
42 288
282 119
384 222
428 80
31 434
497 405
394 151
45 26
119 57
154 422
432 303
65 153
227 250
109 7
38 422
91 13
102 31
249 7
250 5
235 332
423 125
282 81
190 303
282 5
31 81
38 31
80 91
42 332
65 497
57 426
159 7
125 433
363 7
162 332
44 7
432 303
428 190
80 423
300 5
125 13
42 5
26 13
154 272
7 250
363 384
422 21
422 272
162 91
422 7
428 159
428 162
318 300
133 309
332 497
422 428
13 327
109 154
31 5
384 309
318 151
87 31
297 309
489 363
227 44
5 119
281 489
125 334
405 334
433 235
428 92
38 13
318 422
423 154
327 99
31 13
80 455
272 300
334 91
222 119
144 281
363 281
288 497
250 297
363 211
37 406
65 457
272 235
282 282
250 99
227 455
190 430
481 109
7 235
433 250
227 154
497 489
489 423
497 481
489 282
227 334
416 16
430 406
408 87
309 38
92 99
80 99
405 159
119 45
250 125
26 434
119 426
297 151
257 42
21 190
457 81
37 384
489 211
363 151
497 334
434 332
288 282
327 423
125 303
281 384
327 80
430 249
65 42
227 426
297 497
384 422
303 426
119 406
235 434
297 434
406 92
300 433
44 153
300 334
125 300
430 327
222 44
309 300
332 13
211 282
26 489
81 433
81 363
45 309
222 162
91 422
394 384
31 45
481 288
428 384
432 281
282 433
57 87
99 272
288 7
432 334
423 430
44 309
455 257
21 65
80 92
455 31
99 44
87 318
7 65
281 434
81 44
227 405
250 57
162 159
422 37
151 80
408 222
57 26
125 327
457 423
422 300
272 327
159 222
309 44
394 303
222 38
57 481
81 257
44 119
57 102
489 119
394 211
235 235
125 45
318 384
45 434
282 318
326 416
432 125
159 432
300 92
433 31
5 99
42 87
428 405
37 153
227 7
430 455
428 45
133 81
434 45
282 327
257 457
211 87
44 38
91 80
91 7
309 303
423 394
235 309
99 297
5 327
99 489
222 250
57 13
109 91
489 92
332 405
332 37
394 457
37 394
151 5
222 87
44 257
211 309
433 303
257 300
227 433
144 303
119 151
455 21
303 303
57 99
422 57
144 109
423 363
57 363
406 272
144 181
31 282
227 408
13 102
144 7
300 31
281 159
489 430
327 21
109 282
159 38
300 235
102 227
423 457
288 125
455 455
426 37
87 433
102 80
432 249
297 428
327 405
250 65
384 497
162 81
92 394
422 309
42 394
154 297
423 57
125 102
99 489
42 334
5 99
144 42
102 249
80 45
162 297
37 489
148 416
489 300
457 257
227 65
363 13
497 44
190 109
257 408
235 489
125 7
332 45
272 363
42 92
125 181
250 91
99 26
44 80
489 318
281 222
309 384
332 13
227 125
21 309
481 249
133 406
300 434
133 433
281 99
303 151
211 222
272 481
426 5
45 227
21 303
222 422
363 87
300 42
434 363
125 281
21 327
297 363
481 222
190 408
327 37
109 432
222 257
297 154
481 481
318 250
426 405
91 432
327 211
13 80
327 227
309 257
457 394
405 309
406 81
44 181
181 65
144 222
282 281
190 151
99 327
154 282
91 318
81 190
281 181
7 432
119 92
281 26
21 181
433 109
154 430
432 334
428 222
99 297
65 159
65 133
162 433
181 45
455 153
297 334
125 80
327 318
272 102
107 416
309 190
87 102
430 384
144 190
181 190
250 455
162 250
92 5
288 13
457 457
257 405
153 250
190 327
144 91
81 408
432 489
125 119
281 38
7 13
416 51
249 119
481 327
190 7
434 80
257 489
38 405
497 13
153 44
92 235
433 332
211 45
363 497
151 406
416 429
57 57
272 288
44 87
457 250
13 249
408 432
281 430
159 99
87 162
272 300
405 87
363 125
426 65
151 125
154 434
457 42
288 190
57 81
159 151
44 288
300 119
309 81
318 281
227 300
422 281
151 162
297 303
92 109
455 125
5 303
318 408
37 80
432 87
428 303
422 99
457 144
159 45
384 300
432 300
57 181
37 92
394 430
159 426
434 489
363 235
57 318
406 497
384 44
99 334
222 109
327 125
42 426
5 297
65 235
423 119
87 281
406 257
455 394
363 162
190 181
297 422
119 87
31 99
300 257
432 272
426 428
363 190
57 91
405 190
406 80
405 44
102 481
303 26
426 26
384 81
21 222
102 162
318 133
363 332
327 405
281 162
394 38
309 434
423 144
250 80
481 272
334 281
211 45
309 222
423 327
457 384
434 81
288 65
21 288
7 133
327 426
99 428
80 257
384 38
227 133
31 309
457 57
5 257
334 80
38 26
57 235
45 405
119 423
153 422
21 31
497 144
13 250
227 21
211 81
119 249
44 303
428 154
102 102
327 257
394 87
272 45
422 455
384 21
81 7
235 211
481 162
489 162
21 133
426 332
153 384
394 426
434 57
7 481
119 430
422 181
303 272
125 42
159 57
81 332
423 303
57 125
457 303
384 119
133 327
455 190
81 272
250 250
394 57
125 57
211 297
288 422
406 428
190 38
91 190
426 334
31 222
434 394
92 21
5 282
384 65
303 297
162 426
489 433
99 405
497 455
154 257
99 57
109 430
181 5
81 181
297 432
45 109
430 211
81 5
57 162
408 288
434 334
133 44
282 422
281 227
154 334
31 257
432 309
249 434
257 272
423 44
45 21
281 7
162 250
272 37
5 300
318 432
434 272
281 37
38 332
119 405
272 457
249 327
87 281
99 153
109 489
249 109
334 272
394 249
81 38
80 332
21 87
282 21
21 7
109 80
133 99
26 92
272 181
423 272
81 153
457 87
181 151
408 57
332 428
281 153
489 162
282 222
457 211
37 44
159 300
432 327
42 481
489 222
334 109
497 363
45 80
31 102
272 297
281 57
272 250
457 408
406 5
428 102
426 288
384 489
42 457
434 153
363 144
151 408
154 384
309 408
481 332
318 44
38 428
272 394
297 423
133 332
92 162
38 426
497 384
303 37
102 222
125 154
250 257
406 211
423 153
92 434
282 87
26 434
489 481
300 297
42 426
31 65
65 430
227 434
249 363
457 309
481 300
31 57
92 426
332 455
99 159
102 332
91 432
432 57
222 26
394 405
455 91
281 405
363 327
91 309
282 154
211 42
153 405
31 432
154 7
334 38
300 288
428 125
249 457
489 332
457 5
144 21
133 249
257 211
281 481
91 222
318 430
153 37
125 144
109 21
297 26
21 26
408 37
92 21
363 37
47 416
190 31
235 87
334 181
235 497
92 309
21 13
489 406
162 13
497 57
154 91
109 235
327 384
153 42
432 426
406 159
334 65
434 434
303 38
21 81
455 42
151 102
332 282
13 153
249 102
102 7
282 37
151 432
42 109
144 57
394 154
222 416
154 423
406 31
190 211
406 281
154 38
119 497
457 102
21 99
42 327
496 416
7 318
332 426
408 281
318 457
334 303
384 303
257 428
144 282
125 99
57 133
154 91
87 45
151 430
37 428
44 434
102 363
211 159
162 31
455 250
426 433
423 190
7 334
249 227
227 332
26 281
65 249
288 405
119 272
17 416
433 457
119 162
309 57
44 422
162 430
181 92
102 37
309 190
426 91
457 162
87 109
42 87
334 309
87 91
31 13
481 42
334 282
249 162
162 394
65 332
288 433
45 7
162 406
433 327
406 42
162 227
57 119
211 332
21 332
222 434
257 432
300 44
300 282
102 222
422 303
334 257
309 309
428 288
42 430
13 37
422 154
426 151
80 102
423 109
408 303
92 153
102 26
81 257
162 430
133 154
181 455
154 406
31 363
190 144
45 109
153 423
481 5
87 433
154 65
394 422
433 7
250 434
80 303
153 457
363 42
159 249
303 181
426 288
81 457
327 332
318 65
433 44
303 455
327 250
363 300
81 235
282 363
45 5
144 227
235 303
5 119
144 282
405 5
109 297
432 125
31 288
153 281
153 428
109 235
405 57
65 250
303 159
334 144
144 423
153 334
162 318
222 363
250 432
119 235
408 481
159 109
281 433
433 13
211 13
303 109
455 394
65 26
309 31
190 433
92 405
190 235
327 432
327 297
154 119
384 332
162 211
38 211
87 497
133 481
44 489
144 422
87 288
80 281
42 7
300 249
26 327
297 405
318 80
65 272
37 334
7 457
57 384
211 300
327 235
102 332
405 408
