1 200
100 48
150 22
90 140
178 158
94 2
144 184
140 104
100 32
92 100
170 26
196 16
136 30
196 198
18 88
8 104
78 166
66 190
16 92
106 126
158 24
196 144
186 16
126 156
126 194
74 170
60 184
38 4
122 54
38 142
92 8
30 116
172 136
178 40
156 130
110 122
72 72
144 158
62 44
12 126
82 112
110 178
98 82
8 188
152 18
70 122
134 150
74 74
46 188
182 130
192 180
56 66
168 12
182 76
90 10
196 192
62 80
186 88
10 166
2 74
16 18
138 134
130 66
24 48
156 26
50 34
176 160
22 2
178 128
188 142
16 124
116 112
28 70
4 142
126 150
38 38
14 74
118 92
116 50
52 108
82 146
54 58
104 66
132 144
108 192
76 70
124 140
20 46
136 180
200 46
92 170
80 80
34 134
80 188
184 112
184 24
130 48
160 152
194 114
168 20
80 6
40 80
188 128
132 136
176 22
120 186
76 110
192 2
86 32
72 134
110 104
14 194
82 22
66 8
190 46
8 142
84 122
22 140
138 150
70 140
150 86
18 162
152 34
190 36
18 174
130 192
24 98
154 36
92 106
158 2
114 164
88 10
174 160
36 186
146 106
152 24
6 6
156 196
152 14
196 90
144 40
184 20
190 48
134 32
82 186
194 176
200 180
26 110
108 16
134 72
2 180
92 18
164 62
132 124
86 42
152 62
106 194
150 200
146 128
84 152
186 92
46 34
90 150
66 186
86 84
94 20
28 150
100 176
192 154
70 76
144 200
26 14
72 68
96 124
56 174
72 58
186 52
92 20
42 92
28 24
200 108
8 14
104 52
138 88
160 58
96 92
126 152
182 154
196 50
186 112
134 16
160 146
6 128
28 82
86 32
8 32
114 40
18 70
28 134
28 156
68 8
